xx := 2., 2.151487762, 2.306394700, 2.465371017, 2.629051463, 2.798055933, 2.9\
72993730, 3.154465922, 3.343065036, 3.539379014, 3.743990722, 3.957476749, 4.1\
80410002, 4.413357438, 4.656876146, 4.911514105, 5.177807497, 5.456271827, 5.7\
47398086, 6.051651185, 6.369457954, 6.701193968, 7.047176017, 7.407656374, 7.7\
82796712, 8.172651843, 8.577159287, 8.996117861, 9.429153170, 9.875698013, 10.\
33497975, 10.80597349, 11.28737418, 11.77758248, 12.27467843, 12.77637243, 13.\
28000255, 13.78253250, 14.28053082, 14.77016624, 15.24724638, 15.70723381, 16.\
14530266, 16.55640449, 16.93534504, 17.27689996, 17.57591684, 17.82745833, 18.\
02693104, 18.17022876, 18.25386691, 18.27510226, 18.23203910, 18.12370331, 17.\
95009005, 17.71217522, 17.41189239, 17.05207546, 16.63637292, 16.16913298, 15.\
65527621, 15.10015101, 14.50938964, 13.88876646, 13.24406301, 12.58094986, 11.\
90488330, 11.22102096, 10.53415676, 9.848675365, 9.168521011, 8.497186602, 7.8\
37710572, 7.192685990, 6.564285698, 5.954280400, 5.364063770, 4.794697550, 4.2\
46935133, 3.721252217, 3.217888337, 2.736869808, 2.278039820, 1.841091123, 1.4\
25582318, 1.030965943, .6566085400, .3018030060, -.3420855488e-1, -.3522248190
, -.6530752838, -.9376042519, -1.206667140, -1.461120690, -1.701815672, -1.929\
594989, -2.145285042, -2.349695010, -2.543614280, -2.727806987, -2.903014179,
-3.069950725, -3.229302977, -3.381731710, -3.527869220, -3.668318873, -3.80365\
8237, -3.934436739, -4.061175828, -4.184372309, -4.304496777, -4.421993310, -4\
.537283113, -4.650763958, -4.762808744, -4.873769203, -4.983976451, -5.0937389\
60, -5.203344895, -5.313063984, -5.423146381, -5.533821896, -5.645303006, -5.7\
57785103, -5.871444471, -5.986439105, -6.102910642, -6.220984057, -6.340765161
, -6.462341848, -6.585785312, -6.711149641, -6.838468878, -6.967757780, -7.099\
012890, -7.232212375, -7.367313063, -7.504249628, -7.642936077, -7.783265789,
-7.925110130, -8.068314847, -8.212702082, -8.358070893, -8.504197201, -8.65083\
1213, -8.797695898, -8.944490250, -9.090889566, -9.236545431, -9.381083564, -9\
.524105635, -9.665193231, -9.803908003, -9.939792737, -10.07237128, -10.201154\
84, -10.32564456, -10.44533264, -10.55970573, -10.66824981, -10.77045618, -10.\
86582270, -10.95385933, -11.03409299, -11.10607467, -11.16938093, -11.22362022
, -11.26843733, -11.30351962, -11.32859842, -11.34345447, -11.34792048, -11.34\
188505, -11.32529331, -11.29814963, -11.26051772, -11.21252051, -11.15434005,
-11.08621642, -11.00844437, -10.92137105, -10.82539364, -10.72095480, -10.6085\
3692, -10.48865965, -10.36187432, -10.22875710, -10.08990515, -9.945931769, -9\
.797459817, -9.645116369, -9.489529441, -9.331322707, -9.171109645, -9.0094914\
73, -8.847053422, -8.684360668, -8.521955631, -8.360356625, -8.200055904, -8.0\
41517186, -7.885175035, -7.731434721, -7.580671846, -7.433231634, -7.289428979
, -7.149549900, -7.013852291, -6.882566417, -6.755895046, -6.634015612, -6.517\
082233, -6.405226761, -6.298559306, -6.197168718, -6.101126726, -6.010488862,
-5.925295818, -5.845573677, -5.771334075, -5.702578271, -5.639299258, -5.58148\
2148, -5.529104607, -5.482136854, -5.440541659, -5.404276713, -5.373300522, -5\
.347568502, -5.327034009, -5.311648386, -5.301360968, -5.296120121, -5.2958773\
84, -5.300584817, -5.310195053, -5.324661366, -5.343937745, -5.367980525, -5.3\
96748461, -5.430201528, -5.468300905, -5.511008969, -5.558289532, -5.610108225
, -5.666431132, -5.727224530, -5.792454886, -5.862088447, -5.936090727, -6.014\
425725, -6.097054975, -6.183937540, -6.275029938, -6.370284060, -6.469646596,
-6.573057640, -6.680450100, -6.791749694, -6.906874944, -7.025733827, -7.14822\
1383, -7.274219954, -7.403597833, -7.536209268, -7.671894461, -7.810477855, -7\
.951760766, -8.095524726, -8.241530337, -8.389517082, -8.539203327, -8.6902846\
94, -8.842427632, -8.995273415, -9.148438951, -9.301516735, -9.454074820, -9.6\
05654289, -9.755769945, -9.903915787, -10.04956541, -10.19217265, -10.33117286
, -10.46598684, -10.59602707, -10.72069836, -10.83940238, -10.95154136, -11.05\
652719, -11.15378317, -11.24274997, -11.32289095, -11.39370126, -11.45471010,
-11.50548744, -11.54564915, -11.57486438, -11.59285725, -11.59941263, -11.5943\
7891, -11.57767176, -11.54927480, -11.50924200, -11.45769692, -11.39483192, -\
11.32090743, -11.23624956, -11.14124503, -11.03633901, -10.92203052, -10.79886\
552, -10.66743199, -10.52835506, -10.38228919, -10.22991133, -10.07191653, -9.\
909010575, -9.741902415, -9.571300667, -9.397907572, -9.222412334, -9.04548805\
7, -8.867787876, -8.689940412, -8.512546532, -8.336177907, -8.161374868, -7.98\
8643880, -7.818456949, -7.651251613, -7.487430600, -7.327361328, -7.171376224,
-7.019774651, -6.872823687, -6.730758839, -6.593784438, -6.462077008, -6.33578\
6738, -6.215038984, -6.099934483, -5.990551603, -5.886950330, -5.789173056, -5\
.697245814, -5.611178283, -5.530965880, -5.456594856, -5.388042204, -5.3252767\
60, -5.268259213, -5.216942101, -5.171271098, -5.131192412, -5.096649812, -5.0\
67584974, -5.043937715, -5.025645996, -5.012646668, -5.004880486, -5.002289776
, -5.004818087, -5.012410369, -5.025013092, -5.042576296, -5.065053572, -5.092\
400910, -5.124576702, -5.161541772, -5.203260220, -5.249699323, -5.300828322,
-5.356618341, -5.417042345, -5.482074878, -5.551691898, -5.625869406, -5.70458\
3259, -5.787809168, -5.875521575, -5.967692817, -6.064291954, -6.165283982, -6\
.270629832, -6.380286188, -6.494202142, -6.612318589, -6.734566440, -6.8608659\
51, -6.991126727, -7.125247722, -7.263114489, -7.404592495, -7.549530157, -7.6\
97756243, -7.849079786, -8.003290081, -8.160156213, -8.319418127, -8.480787386
, -8.643948864, -8.808559899, -8.974250294, -9.140621499, -9.307240040, -9.473\
640774, -9.639329989, -9.803785387, -9.966456252, -10.12676233, -10.28409654,
-10.43783168, -10.58732083, -10.73190036, -10.87089250, -11.00361472, -11.1293\
8316, -11.24751687, -11.35734390, -11.45821143, -11.54949033, -11.63058151, -\
11.70092306, -11.76000051, -11.80735016, -11.84256657, -11.86530832, -11.87530\
513, -11.87235967, -11.85635317, -11.82724717, -11.78508534, -11.72999398, -11\
.66218200, -11.58193742, -11.48962597, -11.38568746, -11.27062920, -11.1450212\
3, -11.00949100, -10.86471444, -10.71140895, -10.55032734, -10.38224818, -10.2\
0796782, -10.02829471, -9.844040575, -9.656012557, -9.465008855, -9.271811867,
-9.077181385, -8.881851829, -8.686527856, -8.491879717, -8.298541250, -8.10710\
8291, -7.918136677, -7.732140651, -7.549593034, -7.370925768, -7.196529880, -7\
.026755561, -6.861914007, -6.702279468, -6.548090604, -6.399550939, -6.2568315\
06, -6.120074170, -5.989393404, -5.864877197, -5.746588019, -5.634568319, -5.5\
28841712, -5.429414856, -5.336277615, -5.249403897, -5.168757750, -5.094294705
, -5.025962727, -4.963702370, -4.907446775, -4.857121674, -4.812650413, -4.773\
959414, -4.740972819, -4.713614217, -4.691806644, -4.675472777, -4.664539106,
-4.658936056, -4.658596439, -4.663455741, -4.673452246, -4.688529153, -4.70863\
4595, -4.733720474, -4.763742457, -4.798660126, -4.838438185, -4.883045683, -4\
.932455157, -4.986642622, -5.045587490, -5.109272796, -5.177684187, -5.2508091\
53, -5.328637022, -5.411158546, -5.498364911, -5.590246966, -5.686794083, -5.7\
87994128, -5.893833313, -6.004293529, -6.119351628, -6.238977588, -6.363133973
, -6.491775935, -6.624851052, -6.762294048, -6.904025614, -7.049950719, -7.199\
957289, -7.353916206, -7.511681312, -7.673088472, -7.837943850, -8.006026883,
-8.177089472, -8.350854739, -8.527017028, -8.705241887, -8.885159082, -9.06635\
7267, -9.248390545, -9.430777478, -9.613001088, -9.794508272, -9.974704863, -\
10.15296080, -10.32861479, -10.50097430, -10.66931767, -10.83289528, -10.99093\
954, -11.14266845, -11.28728927, -11.42400489, -11.55202481, -11.67057103, -11\
.77888489, -11.87623587, -11.96193433, -12.03533611, -12.09585235, -12.1429584\
1, -12.17620337, -12.19521394, -12.19970302, -12.18947474, -12.16442821, -12.1\
2456032, -12.06996746, -12.00084450, -11.91748419, -11.82027444, -11.70969190,
-11.58629847, -11.45073440, -11.30370829, -11.14599100, -10.97840628, -10.8018\
1893, -10.61712770, -10.42525516, -10.22713596, -10.02371026, -9.815914514, -9\
.604671447, -9.390884893, -9.175432910, -8.959160403, -8.742875554, -8.5273460\
10, -8.313294580, -8.101396875, -7.892280468, -7.686523656, -7.484654351, -7.2\
87150601, -7.094442195, -6.906911477, -6.724893866, -6.548680429, -6.378520866
, -6.214625622, -6.057166562, -5.906280588, -5.762073544, -5.624622568, -5.493\
977019, -5.370160105, -5.253175275, -5.143007434, -5.039624942, -4.942979689,
-4.853008711, -4.769641759, -4.692800294, -4.622398702, -4.558344425, -4.50053\
8997, -4.448884245, -4.403281410, -4.363631115, -4.329833470, -4.301788747, -4\
.279402088, -4.262582386, -4.251241716, -4.245295416, -4.244663158, -4.2492715\
29, -4.259052392, -4.273942625, -4.293884194, -4.318825630, -4.348722187, -4.3\
83534585, -4.423228957, -4.467777018, -4.517156922, -4.571352124, -4.630350778
, -4.694145729, -4.762734307, -4.836118266, -4.914302445, -4.997294445, -5.085\
104606, -5.177744920, -5.275228337, -5.377567341, -5.484773473, -5.596857342,
-5.713827683, -5.835688175, -5.962436963, -6.094064595, -6.230553941, -6.37188\
0182, -6.518009839, -6.668893081, -6.824465005, -6.984642357, -7.149322841, -7\
.318385116, -7.491688797, -7.669068056, -7.850322306, -8.035221644, -8.2235026\
96, -8.414868587, -8.608988945, -8.805496381, -9.003973503, -9.203960268, -9.4\
04953149, -9.606404947, -9.807724680, -10.00827222, -10.20735735, -10.40424828
, -10.59817225, -10.78831628, -10.97382877, -11.15382611, -11.32740198, -11.49\
362928, -11.65156795, -11.80027494, -11.93881590, -12.06627058, -12.18174500,
-12.28438576, -12.37338855, -12.44800914, -12.50757541, -12.55150021, -12.5792\
8700, -12.59054115, -12.58497763, -12.56242590, -12.52283485, -12.46627502, -\
12.39293874, -12.30313969, -12.19730884, -12.07598833, -11.93982668, -11.78956\
865, -11.62604492, -11.45016372, -11.26289642, -11.06526629, -10.85833758, -10\
.64320020, -10.42095971, -10.19272595, -9.959599713, -9.722665009, -9.48297961\
5, -9.241565152, -8.999402091, -8.757423681, -8.516509773, -8.277484365, -8.04\
1113242, -7.808101433, -7.579092360, -7.354668776, -7.135353331, -6.921608964,
-6.713841102, -6.512400930, -6.317587741, -6.129649973, -5.948790071, -5.77516\
8228, -5.608905263, -5.450083442, -5.298752390, -5.154932904, -5.018619739, -4\
.889782166, -4.768366765, -4.654304599, -4.547512584, -4.447895149, -4.3553442\
48, -4.269739585, -4.190956696, -4.118869619, -4.053349039, -3.994263193, -3.9\
41477865, -3.894858852, -3.854278212, -3.819610588, -3.790733766, -3.767528802
, -3.749882926, -3.737690757, -3.730852735, -3.729275150, -3.732871203, -3.741\
562947, -3.755279712, -3.773957840, -3.797540987, -3.825981700, -3.859240329,
-3.897284396, -3.940088608, -3.987635607, -4.039915668, -4.096925621, -4.15866\
8796, -4.225154932, -4.296400276, -4.372426410, -4.453259831, -4.538931922, -4\
.629478157, -4.724937492, -4.825351092, -4.930762013, -5.041215202, -5.1567562\
31, -5.277429134, -5.403275306, -5.534332192, -5.670633286, -5.812208131, -5.9\
59080070, -6.111259985, -6.268747432, -6.431527052, -6.599568419, -6.772826044
, -6.951239199, -7.134720561, -7.323153939, -7.516394629, -7.714266066, -7.916\
559822, -8.123035406, -8.333408482, -8.547345948, -8.764467663, -8.984344061,
-9.206496159, -9.430395062, -9.655449376, -9.881004226, -10.10634792, -10.3307\
1137, -10.55326810, -10.77313165, -10.98935651, -11.20095021, -11.40687474, -\
11.60605110, -11.79736530, -11.97968441, -12.15186233, -12.31275080, -12.46121\
350, -12.59614347, -12.71647195, -12.82118544, -12.90934471, -12.98009512, -13\
.03268244, -13.06646777, -13.08093906, -13.07572041, -13.05058155, -13.0054437\
9, -12.94038304, -12.85563123, -12.75157297, -12.62874284, -12.48781679, -12.3\
2960204, -12.15502779, -11.96512863, -11.76103173, -11.54394145, -11.31512008,
-11.07587480, -10.82753938, -10.57145763, -10.30897112, -10.04140232, -9.77004\
3638, -9.496146791, -9.220911115, -8.945477308, -8.670920814, -8.398245389, -8\
.128380755, -7.862180535, -7.600420227, -7.343797482, -7.092934034, -6.8483770\
69, -6.610600520, -6.380009836, -6.156945679, -5.941686211, -5.734451319, -5.5\
35408670, -5.344677699, -5.162331119, -4.988401444, -4.822886266, -4.665751671
, -4.516932969, -4.376340154, -4.243864317, -4.119379883, -4.002745651, -3.893\
804822, -3.792391129, -3.698335326, -3.611462916, -3.531595332, -3.458550262,
-3.392147676, -3.332211130, -3.278566474, -3.231042249, -3.189472733, -3.15369\
9861, -3.123571710, -3.098942580, -3.079675311, -3.065642334, -3.056724150, -3\
.052809382, -3.053796632, -3.059594695, -3.070121248, -3.085302903, -3.1050766\
28, -3.129389448, -3.158197368, -3.191465402, -3.229168514, -3.271291220, -3.3\
17826634, -3.368776445, -3.424151293, -3.483970607, -3.548261618, -3.617059298
, -3.690406217, -3.768352435, -3.850954583, -3.938275536, -4.030384406, -4.127\
355804, -4.229268984, -4.336206857, -4.448255719, -4.565505246, -4.688048129,
-4.815977275, -4.949384547, -5.088358738, -5.232985355, -5.383346615, -5.53952\
1447, -5.701585112, -5.869597881, -6.043606493, -6.223642909, -6.409721534, -6\
.601839225, -6.799975283, -7.004081930, -7.214075863, -7.429840783, -7.6512221\
88, -7.878027368, -8.110024207, -8.346924326, -8.588382165, -8.833992015, -9.0\
83286288, -9.335735510, -9.590740336, -9.847616362, -10.10560267, -10.36386067
, -10.62147405, -10.87744642, -11.13069305, -11.38005463, -11.62430266, -11.86\
214098, -12.09221197, -12.31311051, -12.52339879, -12.72161500, -12.90629044,
-13.07597405, -13.22924520, -13.36473578, -13.48115595, -13.57731223, -13.6521\
2857, -13.70466993, -13.73415952, -13.73999463, -13.72176208, -13.67924833, -\
13.61244642, -13.52155866, -13.40699557, -13.26937171, -13.10949397, -12.92835\
141, -12.72709774, -12.50703172, -12.26957886, -12.01626508, -11.74869709, -11\
.46853673, -11.17747771, -10.87722547, -10.56947306, -10.25588526, -9.93807972\
1, -9.617611887, -9.295964192, -8.974533669, -8.654625363, -8.337446789, -8.02\
4102926, -7.715595363, -7.412822357, -7.116578929, -6.827559927, -6.546364375,
-6.273498326, -6.009380028, -5.754346874, -5.508659753, -5.272508007, -5.04601\
7966, -4.829258183, -4.622242401, -4.424938680, -4.237275007, -4.059142307, -3\
.890397880, -3.730875097, -3.580385155, -3.438718921, -3.305652496, -3.1809523\
03, -3.064375696, -2.955672459, -2.854591013, -2.760878911, -2.674283184, -2.5\
94553998, -2.521446562, -2.454720433, -2.394141557, -2.339484632, -2.290531920
, -2.247074075, -2.208912639, -2.175858779, -2.147733174, -2.124368145, -2.105\
607033, -2.091303288, -2.081321639, -2.075538737, -2.073841647, -2.076127995,
-2.082307288, -2.092299754, -2.106035739, -2.123456392, -2.144513921, -2.16917\
0374, -2.197397591, -2.229177927, -2.264503714, -2.303376562, -2.345807432, -2\
.391817125, -2.441435639, -2.494701775, -2.551663158, -2.612376434, -2.6769068\
82, -2.745328091, -2.817721959, -2.894178638, -2.974796085, -3.059679830, -3.1\
48942973, -3.242706188, -3.341097676, -3.444251824, -3.552308321, -3.665412555
, -3.783715630, -3.907374360, -4.036551226, -4.171410935, -4.312118906, -4.458\
841932, -4.611747379, -4.771003187, -4.936776564, -5.109227600, -5.288509335,
-5.474765534, -5.668130501, -5.868728706, -6.076665395, -6.292023366, -6.51485\
9179, -6.745201263, -6.983049908, -7.228369755, -7.481074120, -7.741026239, -8\
.008032274, -8.281841225, -8.562136968, -8.848517435, -9.140495626, -9.4374927\
85, -9.738838275, -10.04376029, -10.35136387, -10.66063795, -10.97045371, -11.\
27956447, -11.58659910, -11.89005337, -12.18831108, -12.47964802, -12.76223686
, -13.03415866, -13.29343057, -13.53802030, -13.76586905, -13.97492576, -14.16\
317590, -14.32867135, -14.46957192, -14.58417773, -14.67096274, -14.72861360,
-14.75605604, -14.75248326, -14.71737879, -14.65053048, -14.55204086, -14.4223\
2785, -14.26212112, -14.07244676, -13.85461120, -13.61017345, -13.34091641, -\
13.04881292, -12.73598773, -12.40468216, -12.05721238, -11.69593632, -11.32321\
409, -10.94137920, -10.55270631, -10.15938742, -9.763509927, -9.367038394, -8.\
971802579, -8.579486079, -8.191621633, -7.809587626, -7.434607659, -7.06775394\
7, -6.709950393, -6.361979617, -6.024489829, -5.698002373, -5.382922470, -5.07\
9545903, -4.788069235, -4.508601535, -4.241171067, -3.985731580, -3.742176812,
-3.510346853, -3.290031605, -3.080979959, -2.882910022, -2.695512686, -2.51845\
2911, -2.351378426, -2.193927017, -2.045726274, -1.906396167, -1.775556560, -1\
.652827429, -1.537829866, -1.430191058, -1.329544536, -1.235530637, -1.1478000\
17, -1.066012938, -.9898401029, -.9189646067, -.8530807089, -.7918952249, -.73\
51276329, -.6825093685, -.6337850218, -.5887111687, -.5470567711, -.5086030076
, -.4731424802, -.4404796909, -.4104299310, -.3828194861, -.3574849864, -.3342\
729894, -.3130398380, -.2936508497, -.2759803643, -.2599109145, -.2453331636,
-.2321452815, -.2202526851, -.2095676301, -.2000088120, -.1915011009, -.183975\
0874, -.1773669048, -.1716177463, -.1666737737, -.1624856254, -.1590083380, -.\
1562009856, -.1540264365, -.1524512687, -.1514453523, -.1509818400, -.15103692\
60, -.1515895815, -.1526215915, -.1541172701, -.1560633070, -.1584488093, -.16\
12650507, -.1645053602, -.1681651710, -.1722418444, -.1767345572, -.1816443442
, -.1869740361, -.1927281297, -.1989127951, -.2055359190, -.2126070117, -.2201\
371798, -.2281391591, -.2366273363, -.2456177314, -.2551280002, -.2651774768,
-.2757871873, -.2869799273, -.2987802826, -.3112146750, -.3243113704, -.338100\
6015, -.3526146907, -.3678880584, -.3839573069, -.4008612190, -.4186410563, -.\
4373406191, -.4570062984, -.4776871186, -.4994349801, -.5223048969, -.54635503\
43, -.5716467772, -.5982449508, -.6262181909, -.6556389949, -.6865838018, -.71\
91332515, -.7533726502, -.7893920407, -.8272862871, -.8671554286, -.9091052143
, -.9532471906, -.9996987777, -1.048583789, -1.100032990, -1.154184205, -1.211\
182369, -1.271180285, -1.334339145, -1.400828654, -1.470827037, -1.544522101,
-1.622111634, -1.703803484, -1.789815609, -1.880377336, -1.975729641, -2.07612\
5009, -2.181827628, -2.293114670, -2.410276423, -2.533615666, -2.663448023, -2\
.800103045, -2.943924084, -3.095266767, -3.254499284, -3.422003061, -3.5981721\
20, -3.783409926, -3.978128958, -4.182750659, -4.397704155, -4.623420048, -4.8\
60327882, -5.108854345, -5.369422170, -5.642438368, -5.928287905, -6.227327963
, -6.539885807, -6.866240689, -7.206610628, -7.561142199, -7.929904788, -8.312\
860924, -8.709847753, -9.120563790, -9.544552632, -9.981161898, -10.42952344,
-10.88854196, -11.35685899, -11.83281655, -12.31444456, -12.79945566, -13.2852\
0455, -13.76867720, -14.24651054, -14.71499370, -15.17007089, -15.60739776, -\
16.02238274, -16.41024553, -16.76611365, -17.08510530, -17.36244691, -17.59359\
280, -17.77434620, -17.90099271, -17.97041086, -17.98018846, -17.92870502, -17\
.81520048, -17.63981120, -17.40357516, -17.10840925, -16.75705135, -16.3529817\
7, -15.90031761, -15.40369428, -14.86813754, -14.29892927, -13.70148104, -13.0\
8121131, -12.44343721, -11.79328102, -11.13559227, -10.47488766, -9.815308208,
-9.160589818, -8.514051875, -7.878591397, -7.256694438, -6.650453177, -6.06157\
8581, -5.491436688, -4.941075472, -4.411245629, -3.902441212, -3.414927236, -2\
.948760220, -2.503825573, -2.079858486, -1.676463093, -1.293141346, -.92930651\
57, -.5843001105, -.2574120520, .5211218201e-1, .3450571541, .6222257070, .884\
4343107, 1.132501517, 1.367244634, 1.589473448, 1.799984605, 1.999561054, 2.18\
8965483, 2.368940364, 2.540206588, 2.703459129, 2.859369588, 3.008584080, 3.15\
1721347, 3.289375909, 3.422115945, 3.550482840, 3.674994448, 3.796143398, 3.91\
4396948, 4.030200399, 4.143976090, 4.256122639, 4.367018543, 4.477022093, 4.58\
6469639, 4.695678876, 4.804949785, 4.914562821, 5.024780197, 5.135848131, 5.24\
7996184, 5.361435590, 5.476361950, 5.592955867, 5.711381295, 5.831784815, 5.95\
4297817, 6.079036550, 6.206099783, 6.335568226, 6.467506136, 6.601961277, 6.73\
8962305, 6.878517196, 7.020614638, 7.165224077, 7.312293926, 7.461747781, 7.61\
3485731, 7.767384523, 7.923297325, 8.081049475, 8.240437148, 8.401229004, 8.56\
3166174, 8.725961677, 8.889295575, 9.052816535, 9.216144090, 9.378868655, 9.54\
0551120, 9.700720016, 9.858876679, 10.01449787, 10.16703607, 10.31592090, 10.4\
6056148, 10.60035422, 10.73468388, 10.86292767, 10.98445912, 11.09865781, 11.2\
0491182, 11.30262372, 11.39121642, 11.47014319, 11.53889039, 11.59698475, 11.6\
4399940, 11.67956206, 11.70335708, 11.71513222, 11.71470213, 11.70195270, 11.6\
7684207, 11.63940389, 11.58974653, 11.52805303, 11.45458039, 11.36965694, 11.2\
7367757, 11.16710160, 11.05044751, 10.92428547, 10.78923310, 10.64594911, 10.4\
9512454, 10.33747691, 10.17374418, 10.00467603, 9.831027310, 9.653553254, 9.47\
3002156, 9.290108923, 9.105591921, 8.920147923, 8.734446712, 8.549129162, 8.36\
4804579, 8.182047733, 8.001396963, 7.823353839, 7.648382649, 7.476909461, 7.30\
9322038, 7.145971293, 6.987172262, 6.833204773, 6.684313759, 6.540712247, 6.40\
2583241, 6.270081287, 6.143332796, 6.022438547, 5.907477512, 5.798508075, 5.69\
5569196, 5.598680487, 5.507846142, 5.423058238, 5.344297531, 5.271534236, 5.20\
4728021, 5.143828536, 5.088782230, 5.039531699, 4.996015475, 4.958168539, 4.92\
5922406, 4.899208465, 4.877959809, 4.862109883, 4.851592666, 4.846342684, 4.84\
6296798, 4.851396236, 4.861584836, 4.876809042, 4.897017915, 4.922164153, 4.95\
2205130, 4.987101404, 5.026816557, 5.071317189, 5.120573264, 5.174558362, 5.23\
3248297, 5.296620916, 5.364656069, 5.437335063, 5.514640454, 5.596554654, 5.68\
3059562, 5.774136570, 5.869765642, 5.969923600, 6.074583431, 6.183712972, 6.29\
7274897, 6.415226718, 6.537518021, 6.664087896, 6.794864202, 6.929761851, 7.06\
8682813, 7.211516109, 7.358137473, 7.508400643, 7.662137579, 7.819158391, 7.97\
9249844, 8.142175358, 8.307675008, 8.475462019, 8.645213118, 8.816575260, 8.98\
9164368, 9.162565233, 9.336331466, 9.509981481, 9.682996170, 9.854825493, 10.0\
2488912, 10.19257655, 10.35724775, 10.51823411, 10.67484735, 10.82638095, 10.9\
7211330, 11.11131197, 11.24324340, 11.36717779, 11.48239418, 11.58818767, 11.6\
8388084, 11.76882845, 11.84242520, 11.90411375, 11.95339514, 11.98983209, 12.0\
1305750, 12.02278004, 12.01879010, 12.00096189, 11.96925834, 11.92373135, 11.8\
6452271, 11.79186392, 11.70607326, 11.60755196, 11.49678138, 11.37431660, 11.2\
4077859, 11.09684941, 10.94326346, 10.78079736, 10.61026418, 10.43250384, 10.2\
4837260, 10.05873741, 9.864467086, 9.666422826, 9.465453656, 9.262389528, 9.05\
8033991, 8.853160848, 8.648510032, 8.444783015, 8.242640288, 8.042700117, 7.84\
5536829, 7.651679241, 7.461610851, 7.275770819, 7.094554277, 6.918312568, 6.74\
7355176, 6.581952303, 6.422336531, 6.268703459, 6.121214433, 5.980000391, 5.84\
5163828, 5.716779872, 5.594897323, 5.479544545, 5.370730818, 5.268448326, 5.17\
2672328, 5.083362259, 5.000468638, 4.923933048, 4.853689232, 4.789663276, 4.73\
1773710, 4.679936333, 4.634067036, 4.594080186, 4.559889095, 4.531406026, 4.50\
8543591, 4.491219552, 4.479354268, 4.472870775, 4.471694822, 4.475755991, 4.48\
4990042, 4.499337249, 4.518742191, 4.543153775, 4.572526398, 4.606820408, 4.64\
6000729, 4.690036767, 4.738902424, 4.792576687, 4.851043020, 4.914288345, 4.98\
2303021, 5.055080614, 5.132617490, 5.214911987, 5.301963414, 5.393772042, 5.49\
0338759, 5.591663158, 5.697742960, 5.808572413, 5.924142146, 6.044439168, 6.16\
9445050, 6.299132304, 6.433464069, 6.572391840, 6.715855439, 6.863783014, 7.01\
6090631, 7.172673247, 7.333405030, 7.498138023, 7.666700529, 7.838897108, 8.01\
4508575, 8.193287561, 8.374947197, 8.559167856, 8.745594458, 8.933836350, 9.12\
3467309, 9.314022131, 9.504987766, 9.695811146, 9.885900014, 10.07462291, 10.2\
6130912, 10.44524617, 10.62568699, 10.80185515, 10.97294563, 11.13812922, 11.2\
9655829, 11.44737789, 11.58972833, 11.72275397, 11.84561304, 11.95748916, 12.0\
5759661, 12.14519190, 12.21958617, 12.28015268, 12.32633588, 12.35766065, 12.3\
7374232, 12.37429014, 12.35911535, 12.32813447, 12.28137207, 12.21896230, 12.1\
4114793, 12.04827741, 11.94080250, 11.81927211, 11.68432416, 11.53668008, 11.3\
7713426, 11.20654313, 11.02581746, 10.83590941, 10.63780140, 10.43249756, 10.2\
2101100, 10.00435404, 9.783530690, 9.559525858, 9.333298105, 9.105774122, 8.87\
7841384, 8.650343159, 8.424075796, 8.199785031, 7.978163058, 7.759848123, 7.54\
5424187, 7.335420311, 7.130310896, 6.930518098, 6.736413437, 6.548318958, 6.36\
6508967, 6.191214566, 6.022626001, 5.860894223, 5.706133014, 5.558424884, 5.41\
7823179, 5.284354037, 5.158016945, 5.038791086, 4.926638058, 4.821503939, 4.72\
3319718, 4.632001480, 4.547457049, 4.469588789, 4.398292809, 4.333459796, 4.27\
4975322, 4.222724998, 4.176595833, 4.136475287, 4.102251461, 4.073813622, 4.05\
1056596, 4.033880115, 4.022188016, 4.015888325, 4.014894661, 4.019128315, 4.02\
8516594, 4.042992641, 4.062495682, 4.086972805, 4.116378186, 4.150672261, 4.18\
9821725, 4.233800116, 4.282588164, 4.336172436, 4.394545180, 4.457704258, 4.52\
5653259, 4.598400743, 4.675959332, 4.758345684, 4.845580077, 4.937685514, 5.03\
4686787, 5.136609560, 5.243480364, 5.355326207, 5.472171871, 5.594039225, 5.72\
0945302, 5.852902066, 5.989916420, 6.131989469, 6.279110020, 6.431255019, 6.58\
8386290, 6.750449827, 6.917375799, 7.089078546, 7.265451689, 7.446356567, 7.63\
1628513, 7.821071678, 8.014458845, 8.211531423, 8.411996123, 8.615510661, 8.82\
1689426, 9.030101334, 9.240269511, 9.451671285, 9.663734400, 9.875826418, 10.0\
8726429, 10.29731581, 10.50519954, 10.71008513, 10.91109187, 11.10729952, 11.2\
9775318, 11.48146577, 11.65742498, 11.82460522, 11.98197699, 12.12851421, 12.2\
6320617, 12.38507459, 12.49318095, 12.58664059, 12.66463750, 12.72643703, 12.7\
7139553, 12.79897288, 12.80874447, 12.80040617, 12.77378353, 12.72883527, 12.6\
6565594, 12.58447704, 12.48566349, 12.36971016, 12.23723653, 12.08897583, 11.9\
2576701, 11.74854345, 11.55831755, 11.35617046, 11.14323678, 10.92068876, 10.6\
8972549, 10.45155670, 10.20739019, 9.958421579, 9.705820735, 9.450723388, 9.19\
4223151, 8.937362408, 8.681127568, 8.426444760, 8.174175183, 7.925113125, 7.67\
9985476, 7.439450929, 7.204099766, 6.974456108, 6.750980183, 6.534069893, 6.32\
4062979, 6.121242157, 5.925838327, 5.738032235, 5.557958933, 5.385713188, 5.22\
1352882, 5.064900093, 4.916345541, 4.775654707, 4.642770418, 4.517614199, 4.40\
0086776, 4.290075950, 4.187459067, 4.092103632, 4.003867874, 3.922602619, 3.84\
8158181, 3.780383305, 3.719125519, 3.664231259, 3.615549796, 3.572935725, 3.53\
6247285, 3.505346522, 3.480100689, 3.460385473, 3.446083297, 3.437083071, 3.43\
3280822, 3.434582165, 3.440901011, 3.452159016, 3.468285883, 3.489221082, 3.51\
4912867, 3.545317565, 3.580399660, 3.620132835, 3.664499389, 3.713489337, 3.76\
7100386, 3.825338216, 3.888216405, 3.955755305, 4.027981923, 4.104929759, 4.18\
6638495, 4.273153155, 4.364523433, 4.460803681, 4.562052383, 4.668330699, 4.77\
9701562, 4.896228739, 5.017976813, 5.145011164, 5.277395213, 5.415188414, 5.55\
8444187, 5.707208559, 5.861520167, 6.021410250, 6.186902638, 6.358004555, 6.53\
4702533, 6.716964741, 6.904736559, 7.097940578, 7.296476599, 7.500214638, 7.70\
8982808, 7.922572210, 8.140731383, 8.363166244, 8.589539855, 8.819459881, 9.05\
2472194, 9.288063512, 9.525659487, 9.764624712, 10.00426143, 10.24379569, 10.4\
8238253, 10.71911274, 10.95301266, 11.18304487, 11.40810781, 11.62704771, 11.8\
3866735, 12.04172993, 12.23496969, 12.41710908, 12.58686990, 12.74298638, 12.8\
8422337, 13.00939681, 13.11738570, 13.20715210, 13.27776262, 13.32839955, 13.3\
5837901, 13.36716589, 13.35438337, 13.31982318, 13.26345134, 13.18541105, 13.0\
8602350, 12.96578237, 12.82534876, 12.66554164, 12.48732304, 12.29178668, 12.0\
8013887, 11.85368079, 11.61379154, 11.36190526, 11.09949525, 10.82805372, 10.5\
4907289, 10.26403109, 9.974374624, 9.681506081, 9.386772898, 9.091455655, 8.79\
6762070, 8.503820362, 8.213673751, 7.927278935, 7.645504647, 7.369130630, 7.09\
8849414, 6.835269084, 6.578915168, 6.330233864, 6.089597766, 5.857309965, 5.63\
3606491, 5.418663981, 5.212604781, 5.015499998, 4.827373924, 4.648211849, 4.47\
7964107, 4.316547685, 4.163850283, 4.019738694, 3.884061250, 3.756649401, 3.63\
7317761, 3.525870871, 3.422109422, 3.325828244, 3.236817478, 3.154864649, 3.07\
9760844, 3.011299111, 2.949274728, 2.893487415, 2.843744497, 2.799859498, 2.76\
1652210, 2.728951370, 2.701595330, 2.679430749, 2.662313027, 2.650108714, 2.64\
2694441, 2.639956182, 2.641790077, 2.648103776, 2.658814897, 2.673850761, 2.69\
3149348, 2.716659575, 2.744340005, 2.776158793, 2.812094479, 2.852135728, 2.89\
6280381, 2.944535419, 2.996917407, 3.053452222, 3.114174253, 3.179126356, 3.24\
8359832, 3.321934313, 3.399916997, 3.482382522, 3.569412916, 3.661097001, 3.75\
7529677, 3.858811390, 3.965048090, 4.076351224, 4.192837218, 4.314625214, 4.44\
1835574, 4.574589212, 4.713007582, 4.857212680, 5.007327045, 5.163473273, 5.32\
5763445, 5.494301576, 5.669182103, 5.850487685, 6.038289203, 6.232645763, 6.43\
3596702, 6.641151850, 6.855295063, 7.075978404, 7.303122124, 7.536613583, 7.77\
6290252, 8.021938103, 8.273287067, 8.530008801, 8.791716578, 9.057951879, 9.32\
8172758, 9.601755357, 9.877991007, 10.15608623, 10.43515812, 10.71421556, 10.9\
9217137, 11.26784561, 11.53996553, 11.80716567, 12.06799041, 12.32091415, 12.5\
6434601, 12.79664163, 13.01612182, 13.22109603, 13.40987669, 13.58080487, 13.7\
3228136, 13.86278522, 13.97090336, 14.05536168, 14.11504409, 14.14901928, 14.1\
5656370, 14.13717546, 14.09059037, 14.01678970, 13.91600450, 13.78871357, 13.6\
3563654, 13.45772381, 13.25613702, 13.03223234, 12.78753380, 12.52370839, 12.2\
4253860, 11.94589123, 11.63569227, 11.31389468, 10.98245520, 10.64330763, 10.2\
9834069, 9.949379763, 9.598167715, 9.246353628, 8.895480352, 8.546976542, 8.20\
2152294, 7.862194888, 7.528168432, 7.201015633, 6.881559192, 6.570506423, 6.26\
8455218, 5.975898002, 5.693229699, 5.420755126, 5.158693852, 4.907189790, 4.66\
6317897, 4.436089479, 4.216461546, 4.007342405, 3.808596127, 3.620051504, 3.44\
1505396, 3.272728062, 3.113469002, 2.963459402, 2.822417733, 2.690052303, 2.56\
6064634, 2.450152628, 2.342012368, 2.241341372, 2.147839295, 2.061210824, 1.98\
1166356, 1.907423255, 1.839707716, 1.777754297, 1.721307920, 1.670123889, 1.62\
3967782, 1.582617171, 1.545860573, 1.513497860, 1.485341289, 1.461214158, 1.44\
0951372, 1.424400017, 1.411417979, 1.401874375, 1.395650076, 1.392636304, 1.39\
2734767, 1.395858340, 1.401929793, 1.410881555, 1.422656421, 1.437206731, 1.45\
4493789, 1.474488269, 1.497170179, 1.522527995, 1.550558666, 1.581268048, 1.61\
4670335, 1.650787710, 1.689650456, 1.731297214, 1.775774513, 1.823136641, 1.87\
3445726, 1.926771845, 1.983192844, 2.042794338, 2.105669711, 2.171920252, 2.24\
1654674, 2.314989494, 2.392049192, 2.472966208, 2.557880949, 2.646940908, 2.74\
0301017, 2.838124183, 2.940581289, 3.047851027, 3.160118415, 3.277574946, 3.40\
0419104, 3.528856367, 3.663098469, 3.803360955, 3.949863466, 4.102829715, 4.26\
2487405, 4.429065213, 4.602790110, 4.783886724, 4.972576971, 5.169079331, 5.37\
3601772, 5.586338902, 5.807468526, 6.037151121, 6.275529277, 6.522714001, 6.77\
8779748, 7.043758883, 7.317639052, 7.600361566, 7.891800420, 8.191756068, 8.49\
9946849, 8.816006775, 9.139477261, 9.469780050, 9.806214841, 10.14795141, 10.4\
9402900, 10.84333611, 11.19459405, 11.54636430, 11.89704749, 12.24488170, 12.5\
8792900, 12.92409569, 13.25114786, 13.56671781, 13.86832432, 14.15341065, 14.4\
1936842, 14.66357498, 14.88344469, 15.07646696, 15.24025772, 15.37261616, 15.4\
7156659, 15.53541182, 15.56277766, 15.55264784, 15.50439755, 15.41781289, 15.2\
9310271, 15.13089808, 14.93224292, 14.69857026, 14.43167491, 14.13367010, 13.8\
0694642, 13.45411664, 13.07796720, 12.68139973, 12.26738229, 11.83889502, 11.3\
9888716, 10.95023237, 10.49569525, 10.03789933, 9.579304453, 9.122187939, 8.66\
8632441, 8.220518658, 7.779522410, 7.347116168, 6.924572875, 6.512974793, 6.11\
3220361, 5.726036157, 5.351991723, 4.991507456, 4.644867864, 4.312239067, 3.99\
3679897, 3.689147871, 3.398518795, 3.121596693, 2.858119791, 2.607771623, 2.37\
0193963, 2.144991688, 1.931735865, 1.729977449, 1.539251869, 1.359080428, 1.18\
8974461, 1.028445790, .8770056875, .7341658147, .5994447359, .4723693672, .352\
4744038, .2393062733, .1324231835, .3139572740e-1, -.6419149311e-1, -.15474045\
10, -.2406385832, -.3222592970, -.3999614936, -.4740901966, -.5449762134, -.61\
29371995, -.6782771764, -.7412878891, -.8022486179, -.8614269869, -.9190799070
, -.9754532516, -1.030783584, -1.085298100, -1.139215159, -1.192745785, -1.246\
093279, -1.299454329, -1.353020125, -1.406975965, -1.461502508, -1.516776746,
-1.572971623, -1.630257141, -1.688801410, -1.748770346, -1.810328302, -1.87363\
9373, -1.938867345, -2.006175571, -2.075728503, -2.147691995, -2.222232831, -2\
.299519616, -2.379723730, -2.463019217, -2.549582258, -2.639592574, -2.7332337\
94, -2.830692965, -2.932160202, -3.037829987, -3.147901303, -3.262576650, -3.3\
82061600, -3.506565870, -3.636303344, -3.771490514, -3.912345345, -4.059088031
, -4.211940992, -4.371126829, -4.536865568, -4.709374600, -4.888868539, -5.075\
557810, -5.269642680, -5.471311515, -5.680739141, -5.898086785, -6.123496552,
-6.357082540, -6.598927763, -6.849080591, -7.107554751, -7.374320128, -7.64928\
6558, -7.932302363, -8.223147602, -8.521533739, -8.827085790, -9.139328483, -9\
.457681262, -9.781454254, -10.10984597, -10.44191744, -10.77658753, -11.112634\
00, -11.44869267, -11.78325433, -12.11464711, -12.44105489, -12.76052847, -13.\
07098844, -13.37023712, -13.65598722, -13.92588474, -14.17753284, -14.40853220
, -14.61651934, -14.79920183, -14.95440966, -15.08013634, -15.17458135, -15.23\
619837, -15.26372847, -15.25623611, -15.21313705, -15.13421572, -15.01963629,
-14.86994372, -14.68605550, -14.46924278, -14.22110672, -13.94354169, -13.6387\
0008, -13.30894391, -12.95680301, -12.58492279, -12.19602126, -11.79284008, -\
11.37810524, -10.95448660, -10.52456571, -10.09080664, -9.655532641, -9.220908\
754, -8.788927655, -8.361402475, -7.939961385, -7.526048064, -7.120923524, -6.\
725671889, -6.341207765, -5.968283900, -5.607503769, -5.259331124, -4.92409885\
6, -4.602024759, -4.293223493, -3.997711129, -3.715421044, -3.446215992, -3.18\
9894574, -2.946197340, -2.714822036, -2.495429143, -2.287644740, -2.091069009,
-1.905286294, -1.729866261, -1.564365534, -1.408337051, -1.261333100, -1.12290\
4907, -.9926065091, -.8699998398, -.7546531953, -.6461433789, -.5440590388, -.\
4479992300, -.3575753804, -.2724121642, -.1921467355, -.1164303366, -.\
4492728125e-1, .2268435037e-1, .8671321972e-1, .1474547371, .2051915069, .2601\
934915, .3127186806, .3630132172, .4113122339, .4578400795, .5028109785, .5464\
297349, .5888918266, .6303846805, .6710875199, .7111723916, .7508048088, .7901\
437053, .8293427895, .8685506454, .9079110633, .9475642614, .9876468129, 1.028\
292134, 1.069631587, 1.111794396, 1.154908051, 1.199099402, 1.244494699, 1.291\
219665, 1.339400699, 1.389165083, 1.440640784, 1.493957499, 1.549247187, 1.606\
643929, 1.666284241, 1.728308130, 1.792859217, 1.860084428, 1.930134913, 2.003\
166672, 2.079340523, 2.158821758, 2.241781347, 2.328396263, 2.418849246, 2.513\
328464, 2.612028740, 2.715151741, 2.822905439, 2.935503582, 3.053166835, 3.176\
122909, 3.304605618, 3.438853739, 3.579111928, 3.725630822, 3.878665667, 4.038\
473888, 4.205315310, 4.379452134, 4.561147708, 4.750661554, 4.948248038, 5.154\
155310, 5.368625104, 5.591886031, 5.824147924, 6.065597550, 6.316397006, 6.576\
683207, 6.846552693, 7.126053960, 7.415180849, 7.713869414, 8.021993369, 8.339\
338692, 8.665598292, 9.000361944, 9.343114835, 9.693215040, 10.04987534, 10.41\
215658, 10.77896415, 11.14904115, 11.52093615, 11.89301034, 12.26344006, 12.63\
021651, 12.99113690, 13.34381755, 13.68572108, 14.01416484, 14.32634760, 14.61\
939464, 14.89038902, 15.13641889, 15.35463843, 15.54231404, 15.69688761, 15.81\
603965, 15.89773943, 15.94030628, 15.94245271, 15.90332509, 15.82253251, 15.70\
016329, 15.53678795, 15.33345204, 15.09165146, 14.81330142, 14.50068975, 14.15\
642710, 13.78338627, 13.38464272, 12.96340918, 12.52297612, 12.06665036, 11.59\
770323, 11.11931989, 10.63455975, 10.14632015, 9.657310587, 9.170031337, 8.686\
760774, 8.209547077, 7.740206749, 7.280326069, 6.831267472, 6.394180224, 5.970\
008003, 5.559504185, 5.163249791, 4.781662803, 4.415009697, 4.063431034, 3.726\
951125, 3.405486474, 3.098865228, 2.806840107, 2.529095014, 2.265256890, 2.014\
909727, 1.777599655, 1.552838979, 1.340120976, 1.138923850, .9487121149, .7689\
427997, .5990742639, .4385646405, .2868768642, .1434816260, .7857841359e-2, -.\
1205035373, -.2420997487, -.3574141321, -.4669159380, -.5710591965, -.67028297\
09, -.7650105423, -.8556498892, -.9425936840, -1.026219091, -1.106889157, -1.1\
84951812, -1.260741630, -1.334579915, -1.406774693, -1.477622706, -1.547408805
, -1.616406977, -1.684881904, -1.753088247, -1.821272150, -1.889672486, -1.958\
520185, -2.028039740, -2.098450428, -2.169965710, -2.242794324, -2.317141731,
-2.393209750, -2.471196765, -2.551299531, -2.633713248, -2.718630849, -2.80624\
4646, -2.896747001, -2.990329689, -3.087183894, -3.187501738, -3.291476321, -3\
.399300489, -3.511167432, -3.627271649, -3.747808640, -3.872973051, -4.0029592\
62, -4.137961965, -4.278175638, -4.423791729, -4.574998568, -4.731981629, -4.8\
94923129, -5.063997995, -5.239371984, -5.421201183, -5.609631898, -5.804797300
, -6.006811029, -6.215765172, -6.431728538, -6.654746652, -6.884835181, -7.121\
969202, -7.366081587, -7.617058647, -7.874740123, -8.138912075, -8.409288279,
-8.685511471, -8.967146807, -9.253681739, -9.544518442, -9.838952215, -10.1361\
7551, -10.43527512, -10.73523211, -11.03491877, -11.33308027, -11.62834790, -\
11.91924735, -12.20419917, -12.48152304, -12.74944987, -13.00614511, -13.24971\
734, -13.47824050, -13.68978511, -13.88243913, -14.05433750, -14.20369966, -14\
.32885633, -14.42828260, -14.50063427, -14.54477239, -14.55979195, -14.5450462\
3, -14.50016182, -14.42505277, -14.31992505, -14.18527736, -14.02189203, -13.8\
3082301, -13.61337627, -13.37108396, -13.10567862, -12.81905745, -12.51325289,
-12.19039352, -11.85267261, -11.50231240, -11.14153271, -10.77252253, -10.3974\
1174, -10.01825103, -9.636989896, -9.255463369, -8.875379000, -8.498308192, -8\
.125681976, -7.758787291, -7.398767778, -7.046626360, -6.703228038, -6.3693069\
61, -6.045472078, -5.732214706, -5.429917675, -5.138861889, -4.859236667, -4.5\
91148870, -4.334627568, -4.089636154, -3.856080840, -3.633814779, -3.422643804
, -3.222339129, -3.032641050, -2.853261254, -2.683888050, -2.524197027, -2.373\
850684, -2.232500665, -2.099794751, -1.975378746, -1.858897173, -1.749997985,
-1.648333553, -1.553561461, -1.465347740, -1.383366471, -1.307301469, -1.23684\
7242, -1.171708878, -1.111603467, -1.056259531, -1.005417976, -.9588316677, -.\
9162658739, -.8774978733, -.8423171839, -.8105250428, -.7819345554, -.75637013\
79, -.7336674182, -.7136729808, -.6962437209, -.6812470977, -.6685601338, -.65\
80695575, -.6496713844, -.6432701964, -.6387794626, -.6361207166, -.6352232155
, -.6360241858, -.6384679442, -.6425057233, -.6480958750, -.6552031004, -.6637\
982798, -.6738586942, -.6853674339, -.6983131623, -.7126903261, -.7284988612,
-.7457438565, -.7644356390, -.7845898630, -.8062271531, -.8293730542, -.854058\
1713, -.8803181638, -.9081936076, -.9377299996, -.9689778913, -1.001992885, -1\
.036835760, -1.073572498, -1.112274406, -1.153018081, -1.195885588, -1.2409648\
50, -1.288349646, -1.338139752, -1.390440824, -1.445364845, -1.503030605, -1.5\
63563720, -1.627096707, -1.693768843, -1.763727084, -1.837126272, -1.914129182
, -1.994906186, -2.079636055, -2.168506487, -2.261714114, -2.359463962, -2.461\
969986, -2.569455838, -2.682154841, -2.800309085, -2.924169520, -3.053996823,
-3.190061342, -3.332641581, -3.482023462, -3.638501001, -3.802376267, -3.97395\
7035, -4.153554379, -4.341482486, -4.538058512, -4.743600113, -4.958419359, -5\
.182820533, -5.417098394, -5.661537845, -5.916403420, -6.181932255, -6.4583283\
57, -6.745760354, -7.044356643, -7.354183186, -7.675237870, -8.007440995, -8.3\
50632363, -8.704543861, -9.068785235, -9.442831739, -9.826020393, -10.21751990
, -10.61631010, -11.02117213, -11.43068552, -11.84320552, -12.25683710, -12.66\
944713, -13.07866426, -13.48187493, -13.87621986, -14.25863584, -14.62586943,
-14.97450711, -15.30103128, -15.60186800, -15.87344665, -16.11228097, -16.3150\
3366, -16.47860219, -16.60019938, -16.67742532, -16.70834522, -16.69154403, -\
16.62617821, -16.51200709, -16.34940778, -16.13937187, -15.88348379, -15.58388\
142, -15.24320202, -14.86451527, -14.45124645, -14.00709567, -13.53595138, -13\
.04181010, -12.52869397, -12.00058132, -11.46133955, -10.91467230, -10.3640733\
5, -9.812792583, -9.263811037, -8.719824603, -8.183237437, -7.656159549, -7.14\
0413396, -6.637545091, -6.148833154, -5.675309814, -5.217780361, -4.776834405,
-4.352872378, -3.946126579, -3.556673430, -3.184455092, -2.829300705, -2.49093\
6727, -2.169003047, -1.863071394, -1.572652746, -1.297208109, -1.036164598, -.\
7889204342, -.5548486953, -.3333122625, -.1236654218, .7474084834e-1, .2625529\
479, .4404128256, .6089528555, .7687948977, .9205467501, 1.064801796, 1.202136\
591, 1.333110412, 1.458265050, 1.578122842, 1.693188600, 1.803947792, 1.910867\
233, 2.014396502, 2.114966108, 2.212989807, 2.308865148, 2.402972246, 2.495676\
604, 2.587329285, 2.678266043, 2.768810182, 2.859272806, 2.949951849, 3.041134\
789, 3.133099254, 3.226111825, 3.320430117, 3.416304001, 3.513974567, 3.613674\
658, 3.715630863, 3.820063247, 3.927183996, 4.037199389, 4.150310434, 4.266711\
622, 4.386590194, 4.510127820, 4.637500613, 4.768876981, 4.904417019, 5.044273\
589, 5.188592140, 5.337507685, 5.491143326, 5.649610756, 5.813010176, 5.981427\
062, 6.154928299, 6.333561803, 6.517356174, 6.706319769, 6.900433089, 7.099646\
545, 7.303878563, 7.513015296, 7.726909565, 7.945369281, 8.168155272, 8.394978\
909, 8.625501357, 8.859333571, 9.096028914, 9.335070048, 9.575875085, 9.817796\
385, 10.06012056, 10.30206789, 10.54278190, 10.78133288, 11.01672800, 11.24791\
159, 11.47376718, 11.69312070, 11.90475536, 12.10741934, 12.29983391, 12.48070\
625, 12.64875021, 12.80269515, 12.94130420, 13.06339551, 13.16785778, 13.25366\
713, 13.31990736, 13.36578727, 13.39065308, 13.39400387, 13.37550374, 13.33498\
804, 13.27247070, 13.18814502, 13.08238371, 12.95573402, 12.80890892, 12.64277\
903, 12.45835634, 12.25678048, 12.03930182, 11.80726000, 11.56206834, 11.30519\
124, 11.03812544, 10.76238276, 10.47946915, 10.19087130, 9.898040380, 9.602377\
987, 9.305227108, 9.007860700, 8.711474793, 8.417183701, 8.126014793, 7.838906\
451, 7.556707987, 7.280179306, 7.009991745, 6.746731902, 6.490904669, 6.242935\
322, 6.003175533, 5.771908586, 5.549352524, 5.335665036, 5.130950763, 4.935265\
814, 4.748619618, 4.570982539, 4.402291487, 4.242453403, 4.091345925, 3.948824\
475, 3.814727983, 3.688879832, 3.571088829, 3.461154331, 3.358871041, 3.264028\
820, 3.176413141, 3.095809292, 3.022005659, 2.954792617, 2.893963070, 2.839316\
299, 2.790658573, 2.747802221, 2.710566616, 2.678781179, 2.652284069, 2.630921\
764, 2.614550697, 2.603038399, 2.596261905, 2.594107796, 2.596473930, 2.603268\
979, 2.614411364, 2.629829574, 2.649463443, 2.673262953, 2.701187718, 2.733207\
360, 2.769302207, 2.809462083, 2.853686048, 2.901982618, 2.954370132, 3.010875\
762, 3.071535298, 3.136393141, 3.205502399, 3.278924218, 3.356727436, 3.438988\
576, 3.525791499, 3.617226796, 3.713391182, 3.814387392, 3.920324176, 4.031316\
048, 4.147481452, 4.268941135, 4.395817622, 4.528235214, 4.666319980, 4.810199\
758, 4.960003927, 5.115854722, 5.277867860, 5.446152148, 5.620807209, 5.801923\
484, 5.989582228, 6.183850188, 6.384767739, 6.592353705, 6.806599221, 7.027467\
559, 7.254893913, 7.488771768, 7.728946699, 7.975214380, 8.227316752, 8.484942\
016, 8.747716144, 9.015185367, 9.286819194, 9.562005437, 9.840050179, 10.12017\
436, 10.40149317, 10.68302325, 10.96368569, 11.24230583, 11.51761201, 11.78823\
093, 12.05270551, 12.30950181, 12.55701503, 12.79358197, 13.01750577, 13.22706\
827, 13.42055095, 13.59626359, 13.75256771, 13.88790042, 14.00080666, 14.08996\
527, 14.15421265, 14.19257116, 14.20426987, 14.18876219, 14.14574178, 14.07515\
142, 13.97718864, 13.85230325, 13.70119310, 13.52479169, 13.32425153, 13.10092\
602, 12.85634190, 12.59217684, 12.31022739, 12.01238168, 11.70058967, 11.37683\
267, 11.04309888, 10.70135422, 10.35352261, 10.00146343, 9.646954688, 9.291679\
548, 8.937213134, 8.585015886, 8.236426986, 7.892660653, 7.554806341, 7.223828\
909, 6.900570849, 6.585757683, 6.280001907, 5.983808848, 5.697584894, 5.421642\
525, 5.156208575, 4.901432499, 4.657391485, 4.424099790, 4.201515405, 3.989544\
706, 3.788051726, 3.596862968, 3.415771191, 3.244543805, 3.082926040, 2.930643\
948, 2.787411234, 2.652930829, 2.526898600, 2.409006716, 2.298945424, 2.196406\
191, 2.101082720, 2.012673718, 1.930883366, 1.855423332, 1.786013611, 1.722382\
943, 1.664270619, 1.611425772, 1.563608750, 1.520591370, 1.482156302, 1.448098\
553, 1.418224602, 1.392352243, 1.370311705, 1.351944355, 1.337102753, 1.325651\
477, 1.317465750, 1.312431415, 1.310445708, 1.311415962, 1.315259361, 1.321903\
667, 1.331286288, 1.343353734, 1.358062133, 1.375376926, 1.395272059, 1.417730\
119, 1.442742681, 1.470309476, 1.500438219, 1.533144902, 1.568453711, 1.606396\
507, 1.647012814, 1.690350060, 1.736463454, 1.785415757, 1.837277279, 1.892126\
019, 1.950047524, 2.011134983, 2.075489286, 2.143219060, 2.214440739, 2.289277\
858, 2.367861824, 2.450332079, 2.536836106, 2.627529332, 2.722574193, 2.822140\
541, 2.926406204, 3.035556990, 3.149786309, 3.269293559, 3.394284669, 3.524972\
390, 3.661576252, 3.804320776, 3.953433733, 4.109146433, 4.271693652, 4.441312\
862, 4.618239618, 4.802706341, 4.994941250, 5.195168272, 5.403603707, 5.620448\
559, 5.845886163, 6.080079023, 6.323168794, 6.575271586, 6.836460775, 7.106766\
797, 7.386169482, 7.674597669, 7.971917840, 8.277914416, 8.592285930, 8.914637\
679, 9.244479729, 9.581200810, 9.924058191, 10.27217061, 10.62451632, 10.97992\
452, 11.33704600, 11.69436262, 12.05018834, 12.40266900, 12.74977352, 13.08930\
567, 13.41892882, 13.73617259, 14.03845553, 14.32312470, 14.58748428, 14.82883\
483, 15.04452810, 15.23200827, 15.38886612, 15.51289808, 15.60214996, 15.65497\
166, 15.67006117, 15.64649970, 15.58378281, 15.48183786, 15.34103188, 15.16216\
773, 14.94646937, 14.69555436, 14.41140053, 14.09629929, 13.75280920, 13.38369\
811, 12.99189099, 12.58040975, 12.15232274, 11.71068993, 11.25851994, 10.79872\
588, 10.33409337, 9.867249544, 9.400642946, 8.936525883, 8.476945204, 8.023736\
202, 7.578522566, 7.142718634, 6.717536210, 6.303993924, 5.902925084, 5.514992\
236, 5.140702475, 4.780413154, 4.434350380, 4.102624753, 3.785241150, 3.482107\
292, 3.193053462, 2.917840846, 2.656167019, 2.407680565, 2.171990857, 1.948671\
944, 1.737267966, 1.537306875, 1.348302335, 1.169755112, 1.001160594, .8420157\
140, .6918176137, .5500660953, .4162703016, .2899473384, .1706241478, .\
5784042034e-1, -.4885222849e-1, -.1498881588, -.2456879784, -.3366576686, -.42\
31888693, -.5056583203, -.5844286155, -.6598477102, -.7322498528, -.8019556255
, -.8692722887, -.9344949638, -.9979060722, -1.059777077, -1.120368471, -1.179\
930187, -1.238703229, -1.296919189, -1.354801466, -1.412566408, -1.470422818,
-1.528573474, -1.587216005, -1.646542426, -1.706740625, -1.767995238, -1.83048\
7205, -1.894394910, -1.959895290, -2.027163530, -2.096373465, -2.167699060, -2\
.241314466, -2.317393543, -2.396111391, -2.477644865, -2.562172108, -2.6498727\
52, -2.740929265, -2.835526999, -2.933853281, -3.036098172, -3.142455334, -3.2\
53121797, -3.368296594, -3.488181608, -3.612982124, -3.742906343, -3.878163278
, -4.018963195, -4.165517969, -4.318040538, -4.476741563, -4.641828733, -4.813\
506703, -4.991976884, -5.177433113, -5.370058179, -5.570022338, -5.777482871,
-5.992582628, -6.215440149, -6.446146777, -6.684762021, -6.931313072, -7.18579\
3173, -7.448143472, -7.718250139, -7.995937424, -8.280965895, -8.573028860, -8\
.871728646, -9.176574076, -9.486973112, -9.802231872, -10.12154737, -10.443981\
75, -10.76846718, -11.09380438, -11.41866241, -11.74157202, -12.06091380, -12.\
37494089, -12.68178405, -12.97945656, -13.26586695, -13.53884939, -13.79618029
, -14.03560452, -14.25487438, -14.45178126, -14.62419129, -14.77009278, -14.88\
763115, -14.97514989, -15.03123343, -15.05473642, -15.04481648, -15.00095877,
-14.92299123, -14.81109394, -14.66579957, -14.48798568, -14.27885669, -14.0399\
2290, -13.77296607, -13.48000795, -13.16326588, -12.82511444, -12.46803846, -\
12.09459239, -11.70735709, -11.30890147, -10.90174734, -10.48833703, -10.07100\
827, -9.651970137, -9.233287848, -8.816868058, -8.404451709, -7.997608770, -7.\
597736901, -7.206063858, -6.823650826, -6.451399802, -6.090060129, -5.74023834\
7, -5.402409367, -5.076922674, -4.764016378, -4.463829377, -4.176407662, -3.90\
1713266, -3.639640266, -3.390021237, -3.152631324, -2.927200706, -2.713423599,
-2.510962095, -2.319448650, -2.138498890, -1.967714626, -1.806685132, -1.65499\
1489, -1.512214643, -1.377934582, -1.251731800, -1.133193428, -1.021913216, -.\
9174915447, -.8195395606, -.7276790687, -.6415422391, -.5607743976, -.48503299\
10, -.4139880144, -.3473231679, -.2847345602, -.2259317830, -.1706371412, -.11\
85855562, -.6952453180e-1, -.2321338218e-1, .2057666685e-1, .6206334134e-1, .1\
014533966, .1389433763, .1747198626, .2089601920, .2418327157, .2734976212, .3\
041070398, .3338060144, .3627325470, .3910184312, .4187896411, .4461665993, .4\
732650996, .5001962572, .5270672521, .5539818738, .5810404700, .6083408624, .6\
359786268, .6640471114, .6926383475, .7218432507, .7517516174, .7824530022, .8\
140369572, .8465929521, .8802111590, .9149828228, .9510001829, .9883569519, 1.\
027148950, 1.067474156, 1.109432710, 1.153127795, 1.198665850, 1.246156510, 1.\
295713018, 1.347452952, 1.401498324, 1.457975432, 1.517015649, 1.578755914, 1.\
643338786, 1.710912266, 1.781630826, 1.855655737, 1.933155037, 2.014303348, 2.\
099283020, 2.188284376, 2.281505514, 2.379152043, 2.481438272, 2.588587398, 2.\
700831038, 2.818408680, 2.941568824, 3.070569136, 3.205675534, 3.347160985, 3.\
495306375, 3.650400630, 3.812739245, 3.982621690, 4.160351486, 4.346236126, 4.\
540585548, 4.743706638, 4.955901549, 5.177466316, 5.408690523, 5.649848747, 5.\
901194502, 6.162955147, 6.435330218, 6.718488317, 7.012547067, 7.317568149, 7.\
633548252, 7.960417493, 8.298018346, 8.646088644, 9.004250369, 9.372005505, 9.\
748716286, 10.13357762, 10.52560754, 10.92364141, 11.32631979, 11.73205175, 12\
.13902016, 12.54518082, 12.94826067, 13.34573934, 13.73487255, 14.11271532, 14\
.47613294, 14.82183274, 15.14641930, 15.44643137, 15.71840416, 15.95894317, 16\
.16478390, 16.33287805, 16.46046461, 16.54514407, 16.58495205, 16.57841348, 16\
.52459584, 16.42314130, 16.27428507, 16.07885643, 15.83826152, 15.55444994, 15\
.22986603, 14.86738790, 14.47025582, 14.04199622, 13.58633928, 13.10714147, 12\
.60830540, 12.09371151, 11.56715097, 11.03227276, 10.49253594, 9.951174410, 9.\
411169659, 8.875232629, 8.345794365, 7.825002242, 7.314723346, 6.816554302, 6.\
331829070, 5.861635578, 5.406837892, 4.968088423, 4.545839446, 4.140378497, 3.\
751839447, 3.380214642, 3.025378582, 2.687105160, 2.365076634, 2.058900455, 1.\
768124913, 1.492245208, 1.230714163, .9829570610, .7483757043, .5263507744, .3\
162561064, .1174609315, -.7066669433e-1, -.2487541221, -.4174225480, -.5772825\
698, -.7289333626, -.8729595548, -1.009931098, -1.140400994, -1.264905252, -1.\
383962489, -1.498072477, -1.607717966, -1.713362845, -1.815453327, -1.91441893\
9, -2.010670982, -2.104605068, -2.196601171, -2.287022923, -2.376220382, -2.46\
4529762, -2.552273145, -2.639761198, -2.727293002, -2.815155596, -2.903626655,
-2.992974681, -3.083458044, -3.175327400, -3.268826426, -3.364190690, -3.46164\
8886, -3.561424386, -3.663734658, -3.768790447, -3.876797853, -3.987958609, -4\
.102468590, -4.220517939, -4.342292481, -4.467973449, -4.597735174, -4.7317454\
40, -4.870166266, -5.013153380, -5.160852913, -5.313401085, -5.470924537, -5.6\
33539989, -5.801349943, -5.974440432, -6.152880637, -6.336722733, -6.525999260
, -6.720715910, -6.920850412, -7.126350806, -7.337135438, -7.553088806, -7.774\
050275, -7.999814224, -8.230126628, -8.464685007, -8.703137242, -8.945065839,
-9.189986218, -9.437346911, -9.686528625, -9.936844241, -10.18753424, -10.4377\
5252, -10.68657889, -10.93302172, -11.17601796, -11.41443403, -11.64706749, -\
11.87266374, -12.08992043, -12.29749602, -12.49402252, -12.67812624, -12.84843\
651, -13.00360488, -13.14232814, -13.26336385, -13.36554981, -13.44782715, -13\
.50925839, -13.54904347, -13.56653822, -13.56126868, -13.53294049, -13.4814484\
7, -13.40688052, -13.30951942, -13.18983905, -13.04849818, -12.88633210, -12.7\
0433653, -12.50365485, -12.28555877, -12.05142733, -11.80272914, -11.54099695,
-11.26780937, -10.98476881, -10.69348004, -10.39553455, -10.09249030, -9.78585\
8649, -9.477091219, -9.167567107, -8.858586163, -8.551361086, -8.247011941, -7\
.946564363, -7.650947542, -7.360993498, -7.077439528, -6.800930669, -6.5320214\
98, -6.271181411, -6.018799929, -5.775189897, -5.540593118, -5.315187571, -5.0\
99091945, -4.892368715, -4.695033190, -4.507058369, -4.328377612, -4.158888895
, -3.998463366, -3.846948818, -3.704171306, -3.569935909, -3.444036659, -3.326\
258757, -3.216378936, -3.114166243, -3.019387718, -2.931811251, -2.851204720,
-2.777337203, -2.709983456, -2.648923601, -2.593942840, -2.544833917, -2.50139\
8756, -2.463447131, -2.430797321, -2.403278688, -2.380730441, -2.363001151, -2\
.349950356, -2.341449077, -2.337378358, -2.337629502, -2.342105649, -2.3507206\
29, -2.363398302, -2.380073222, -2.400691248, -2.425208204, -2.453589718, -2.4\
85811948, -2.521861405, -2.561733997, -2.605435012, -2.652979615, -2.704392489
, -2.759707152, -2.818965938, -2.882220127, -2.949529749, -3.020962999, -3.096\
596192, -3.176513696, -3.260807506, -3.349576731, -3.442927426, -3.540972595,
-3.643832170, -3.751632051, -3.864502327, -3.982577103, -4.105994510, -4.23489\
6704, -4.369429871, -4.509743677, -4.655984793, -4.808298290, -4.966826416, -5\
.131707863, -5.303077769, -5.481066396, -5.665789976, -5.857351435, -6.0558365\
42, -6.261313263, -6.473831765, -6.693419730, -6.920067193, -7.153729928, -7.3\
94322615, -7.641718481, -7.895747504, -8.156177017, -8.422710094, -8.694979596
, -8.972546450, -9.254898413, -9.541430098, -9.831437533, -10.12411776, -10.41\
856748, -10.71378294, -11.00864795, -11.30192527, -11.59227325, -11.87824691,
-12.15829945, -12.43078530, -12.69397958, -12.94609215, -13.18527944, -13.4096\
6626, -13.61737644, -13.80655028, -13.97537550, -14.12212344, -14.24517220, -\
14.34304084, -14.41442388, -14.45821355, -14.47352853, -14.45973713, -14.41647\
156, -14.34364152, -14.24143905, -14.11033931, -13.95109177, -13.76470974, -13\
.55245072, -13.31579302, -13.05641027, -12.77613779, -12.47694442, -12.1608945\
9, -11.83011877, -11.48677820, -11.13303521, -10.77102517, -10.40282911, -10.0\
3045404, -9.655811212, -9.280703011, -8.906809902, -8.535681600, -8.168732629,
-7.807238271, -7.452334917, -7.105022350, -6.766166011, -6.436503524, -6.11665\
0384, -5.807106341, -5.508264763, -5.220418842, -4.943771039, -4.678442239, -4\
.424476813, -4.181853268, -3.950493276, -3.730265738, -3.520991831, -3.3224579\
72, -3.134419355, -2.956602539, -2.788709772, -2.630430225, -2.481439514, -2.3\
41402036, -2.209977637, -2.086823572, -1.971595463, -1.863951902, -1.763555113
, -1.670072496, -1.583179194, -1.502557946, -1.427901242, -1.358911375, -1.295\
301517, -1.236796010, -1.183130889, -1.134053973, -1.089325204, -1.048716552,
-1.012012044, -.9790078630, -.9495117575, -.9233435787, -.9003342605, -.880326\
1943, -.8631727796, -.8487377476, -.8368956648, -.8275308693, -.8205373540, -.\
8158189606, -.8132882781, -.8128667465, -.8144846864, -.8180803034, -.82359978\
02, -.8309973625, -.8402344743, -.8512796902, -.8641089705, -.8787049247, -.89\
50566397, -.9131599556, -.9330170842, -.9546362642, -.9780318702, -1.003224536
, -1.030240749, -1.059112795, -1.089878901, -1.122583269, -1.157275927, -1.194\
012714, -1.232855427, -1.273871796, -1.317135636, -1.362726929, -1.410731881,
-1.461243047, -1.514359090, -1.570185488, -1.628834628, -1.690425821, -1.75508\
5378, -1.822946375, -1.894149554, -1.968843500, -2.047184667, -2.129337046, -2\
.215472470, -2.305771421, -2.400423074, -2.499624943, -2.603582459, -2.7125100\
29, -2.826631200, -2.946178236, -3.071390896, -3.202517286, -3.339814142, -3.4\
83546367, -3.633984694, -3.791405726, -3.956092125, -4.128332281, -4.308416583
, -4.496635488, -4.693278833, -4.898635691, -5.112990553, -5.336616797, -5.569\
773497, -5.812703270, -6.065632230, -6.328759440, -6.602245885, -6.886210060,
-7.180723381, -7.485807508, -7.801410908, -8.127400908, -8.463553164, -8.80954\
9522, -9.164955280, -9.529199277, -9.901563394, -10.28117830, -10.66700722, -\
11.05781427, -11.45216282, -11.84841173, -12.24471359, -12.63898774, -13.02892\
670, -13.41201716, -13.78554246, -14.14659355, -14.49210597, -14.81889439, -15\
.12368662, -15.40318437, -15.65411788, -15.87330607, -16.05773523, -16.2046200\
9, -16.31147930, -16.37620400, -16.39711418, -16.37301566, -16.30323646, -16.1\
8765445, -16.02670795, -15.82139004, -15.57322711, -15.28424307, -14.95690924,
-14.59408484, -14.19894834, -13.77492443, -13.32560946, -12.85469629, -12.3659\
0542, -11.86291786, -11.34931965, -10.82854992, -10.30386211, -9.778290328, -9\
.254627171, -8.735407637, -8.222901561, -7.719111088, -7.225776048, -6.7443792\
43, -6.276159241, -5.822127932, -5.383079834, -4.959610862, -4.552140785, -4.1\
60928756, -3.786082531, -3.427586557, -3.085314679, -2.759039574, -2.448452238
, -2.153175803, -1.872771877, -1.606753853, -1.354600146, -1.115758281, -.8896\
500808, -.6756860975, -.4732660472, -.2817841263, -.1006360866, .7078014624e-1
, .2330594500, .3867871851, .5325375287, .6708711642, .8023343995, .9274575531
, 1.046755170, 1.160724075, 1.269844797, 1.374580012, 1.475375277, 1.572659829
, 1.666845235, 1.758327738, 1.847487786, 1.934690048, 2.020285745, 2.104611746
, 2.187991490, 2.270737013, 2.353148019, 2.435513051, 2.518111397, 2.601212322
, 2.685075859, 2.769954873, 2.856094618, 2.943732641, 3.033101065, 3.124426708
, 3.217930055, 3.313827180, 3.412330574, 3.513648232, 3.617983641, 3.725537534
, 3.836507827, 3.951087994, 4.069467898, 4.191834747, 4.318372526, 4.449259733
, 4.584670213, 4.724773626, 4.869734556, 5.019709208, 5.174845517, 5.335283273
, 5.501153513, 5.672573717, 5.849646136, 6.032457160, 6.221077231, 6.415557133
, 6.615921228, 6.822165809, 7.034257390, 7.252132707, 7.475693475, 7.704794485
, 7.939243839, 8.178798832, 8.423165917, 8.671998165, 8.924877091, 9.181313643
, 9.440745667, 9.702537234, 9.965978474, 10.23027373, 10.49453405, 10.75778816
, 11.01898255, 11.27698155, 11.53056527, 11.77843580, 12.01923272, 12.25153575
, 12.47387521, 12.68474841, 12.88263847, 13.06602636, 13.23341227, 13.38334270
, 13.51442532, 13.62535444, 13.71493816, 13.78211504, 13.82597737, 13.84579241
, 13.84101570, 13.81130624, 13.75653566, 13.67679344, 13.57238913, 13.44384714
, 13.29190163, 13.11748312, 12.92170329, 12.70583831, 12.47130421, 12.21963780
, 11.95246939, 11.67149906, 11.37847300, 11.07515663, 10.76331572, 10.44469206
, 10.12098623, 9.793841219, 9.464826236, 9.135427376, 8.807036728, 8.480945493
, 8.158340375, 7.840299798, 7.527793161, 7.221682611, 6.922724358, 6.631571552
, 6.348780076, 6.074812721, 5.810043575, 5.554766212, 5.309199190, 5.073490084
, 4.847724897, 4.631933807, 4.426094304, 4.230139415, 4.043964457, 3.867430595
, 3.700366628, 3.542579226, 3.393855298, 3.253963728, 3.122660486, 2.999693262
, 2.884802020, 2.777721865, 2.678187718, 2.585934162, 2.500697108, 2.422217636
, 2.350241527, 2.284520132, 2.224813508, 2.170889656, 2.122524772, 2.079505838
, 2.041629782, 2.008703162, 1.980544223, 1.956982360, 1.937857247, 1.923020191
, 1.912334364, 1.905673424, 1.902921999, 1.903976745, 1.908744876, 1.917143921
, 1.929102740, 1.944560921, 1.963467906, 1.985783297, 2.011477427, 2.040530224
, 2.072930986, 2.108678836, 2.147782661, 2.190260315, 2.236138568, 2.285453427
, 2.338249953, 2.394581748, 2.454510927, 2.518108188, 2.585452694, 2.656631757
, 2.731740817, 2.810883455, 2.894171187, 2.981722690, 3.073664036, 3.170128755
, 3.271257836, 3.377199514, 3.488107531, 3.604140834, 3.725463876, 3.852246605
, 3.984664465, 4.122896588, 4.267122712, 4.417523908, 4.574281870, 4.737578925
, 4.907596146, 5.084507712, 5.268480495, 5.459672201, 5.658231324, 5.864295436
, 6.077980493, 6.299379933, 6.528559715, 6.765557732, 7.010383248, 7.263001152
, 7.523326563, 7.791219653, 8.066482501, 8.348858197, 8.638011088, 8.933518838
, 9.234866902, 9.541445715, 9.852548653, 10.16734811, 10.48489146, 10.80410178
, 11.12377695, 11.44258784, 11.75906127, 12.07159125, 12.37845201, 12.67779919
, 12.96767761, 13.24604023, 13.51077375, 13.75971347, 13.99067307, 14.20148350
, 14.39001809, 14.55423280, 14.69221023, 14.80219018, 14.88261250, 14.93215461
, 14.94975935, 14.93466646, 14.88643278, 14.80494746, 14.69043836, 14.54347238
, 14.36494529, 14.15606569, 13.91833190, 13.65350021, 13.36355321, 13.05065732
, 12.71712667, 12.36537682, 11.99788794, 11.61716157, 11.22568625, 10.82590243
, 10.42017313, 10.01075920, 9.599797081, 9.189284173, 8.781064877, 8.376824039
, 7.978081721, 7.586192074, 7.202345666, 6.827572491, 6.462749128, 6.108605060
, 5.765731795, 5.434593635, 5.115534000, 4.808788302, 4.514495889, 4.232705880
, 3.963386284, 3.706438834, 3.461705513, 3.228972220, 3.007981051, 2.798438975
, 2.600021602, 2.412375379, 2.235130016, 2.067901696, 1.910294255, 1.761903325
, 1.622324120, 1.491150747, 1.367977774, 1.252406108, 1.144042809, 1.042501428
, .9474061251, .8583911833, .7751009936, .6971929227, .6243361401, .5562120203
, .4925155448, .4329538548, .3772472630, .3251288993, .2763440576, .2306508128
, .1878187946, .1476295588, .1098757753, .7436096187e-1, .4089911193e-1, .\
9314053457e-2, -.2056077065e-1, -.4888301864e-1, -.7580170294e-1, -.1014578469
, -.1259847943, -.1495088362, -.1721494736, -.1940201223, -.2152282324, -.2358\
760677, -.2560608082, -.2758751498, -.2954077092, -.3147431663, -.3339630076,
-.3531455577, -.3723664276, -.3916990391, -.4112145839, -.4309826116, -.451071\
3808, -.4715478191, -.4924781269, -.5139280695, -.5359629283, -.5586480460, -.\
5820491567, -.6062323426, -.6312644181, -.6572133868, -.6841484678, -.71214019\
90, -.7412610633, -.7715856170, -.8031904510, -.8361546829, -.8705603490, -.90\
64924657, -.9440390465, -.9832918196, -1.024346411, -1.067302366, -1.112263371
, -1.159337977, -1.208639706, -1.260287027, -1.314403803, -1.371119960, -1.430\
571579, -1.492900801, -1.558256497, -1.626794877, -1.698679570, -1.774081426,
-1.853179387, -1.936161044, -2.023222670, -2.114568843, -2.210413491, -2.31098\
0386, -2.416503039, -2.527224035, -2.643396138, -2.765282716, -2.893157354, -3\
.027302645, -3.168011139, -3.315585668, -3.470338512, -3.632589110, -3.8026644\
02, -3.980898935, -4.167633647, -4.363211376, -4.567975736, -4.782270351, -5.0\
06438061, -5.240812963, -5.485716118, -5.741451450, -6.008305167, -6.286539442
, -6.576375614, -6.877990168, -7.191507912, -7.516998382, -7.854450446, -8.203\
761722, -8.564727169, -8.937034227, -9.320230284, -9.713706017, -10.11668219,
-10.52820344, -10.94709949, -11.37196901, -11.80117147, -12.23282481, -12.6647\
7444, -13.09458357, -13.51955322, -13.93672353, -14.34287553, -14.73456441, -\
15.10816016, -15.45987928, -15.78585019, -16.08218048, -16.34502474, -16.57068\
063, -16.75566673, -16.89681895, -16.99137956, -17.03707591, -17.03219879, -16\
.97565613, -16.86701746, -16.70653524, -16.49514448, -16.23444438, -15.9266547\
4, -15.57456058, -15.18143429, -14.75095484, -14.28711143, -13.79411188, -13.2\
7628603, -12.73799758, -12.18356184, -11.61717226, -11.04284019, -10.46434349,
-9.885189042, -9.308585377, -8.737425380, -8.174279367, -7.621395212, -7.08070\
3310, -6.553832414, -6.042123990, -5.546646054, -5.068220977, -4.607449967, -4\
.164722710, -3.740245833, -3.334070242, -2.946103539, -2.576128328, -2.2238266\
65, -1.888791087, -1.570538310, -1.268528597, -.9821730641, -.7108428987, -.45\
38847671, -.2106240266, .1962687291e-1, .2375599151, .4438699159, .6392469232,
.8243736644, .9999224114, 1.166551615, 1.324905215, 1.475608928, 1.619271277,
1.756480947, 1.887806504, 2.013797428, 2.134981415, 2.251866632, 2.364941564,
2.474673572, 2.581511871, 2.685886805, 2.788209399, 2.888874357, 2.988259334,
3.086724732, 3.184616675, 3.282266623, 3.379990715, 3.478092762, 3.576864425,
3.676583885, 3.777518391, 3.879925205, 3.984050235, 4.090128850, 4.198387813,
4.309044813, 4.422306886, 4.538372488, 4.657432081, 4.779666669, 4.905246737,
5.034333963, 5.167081249, 5.303630373, 5.444110798, 5.588640772, 5.737327261,
5.890262999, 6.047524001, 6.209170041, 6.375244595, 6.545772751, 6.720755646,
6.900170205, 7.083968473, 7.272077522, 7.464393828, 7.660778031, 7.861054483,
8.065010410, 8.272395895, 8.482917887, 8.696231771, 8.911943932, 9.129610726,
9.348738475, 9.568781375, 9.789130469, 10.00911960, 10.22802830, 10.44508176,
10.65945067, 10.87024870, 11.07654296, 11.27735924, 11.47168418, 11.65847158,
11.83665446, 12.00515503, 12.16289187, 12.30879228, 12.44181020, 12.56093422,
12.66520249, 12.75371891, 12.82566689, 12.88032035, 12.91705783, 12.93537611,
12.93489628, 12.91537457, 12.87670755, 12.81893550, 12.74224493, 12.64696563,
12.53356818, 12.40265856, 12.25496744, 12.09134242, 11.91273561, 11.72018809,
11.51481902, 11.29780824, 11.07038088, 10.83379454, 10.58932118, 10.33823516,
10.08180016, 9.821254714, 9.557803851, 9.292608875, 9.026777737, 8.761360371,
8.497342742, 8.235641854, 7.977104312, 7.722504815, 7.472544765, 7.227853020,
6.988988085, 6.756439683, 6.530630002, 6.311918477, 6.100605405, 5.896934313,
5.701095218, 5.513230991, 5.333441038, 5.161783000, 4.998277118, 4.842912718,
4.695651298, 4.556427959, 4.425152890, 4.301719854, 4.186008466, 4.077886054,
3.977207803, 3.883816895, 3.797552558, 3.718253651, 3.645756094, 3.579894007,
3.520500269, 3.467412314, 3.420472012, 3.379524796, 3.344419935, 3.315013486,
3.291169618, 3.272759111, 3.259659408, 3.251756549, 3.248946244, 3.251132320,
3.258226682, 3.270150652, 3.286835611, 3.308221564, 3.334257055, 3.364900002,
3.400118124, 3.439887618, 3.484193037, 3.533027582, 3.586393529, 3.644301010,
3.706767793, 3.773819215, 3.845488257, 3.921814755, 4.002844782, 4.088630637,
4.179230334, 4.274706905, 4.375127398, 4.480562468, 4.591086379, 4.706776427,
4.827710578, 4.953966428, 5.085619682, 5.222744092, 5.365411452, 5.513691578,
5.667646401, 5.827327135, 5.992774063, 6.164013842, 6.341059503, 6.523910453,
6.712549920, 6.906930168, 7.106977874, 7.312588586, 7.523625753, 7.739920730,
7.961267593, 8.187407335, 8.418032611, 8.652782347, 8.891241484, 9.132940671,
9.377342824, 9.623836972, 9.871743146, 10.12031110, 10.36872031, 10.61607597,
10.86140082, 11.10364863, 11.34170743, 11.57440047, 11.80049027, 12.01868919,
12.22767414, 12.42609187, 12.61257352, 12.78575489, 12.94428997, 13.08686758,
13.21223347, 13.31921091, 13.40671608, 13.47377981, 13.51956817, 13.54339450,
13.54473636, 13.52324846, 13.47876928, 13.41132880, 13.32114873, 13.20864230,
13.07440861, 12.91922254, 12.74402553, 12.54990759, 12.33809219, 12.10991722,
11.86681218, 11.61028083, 11.34187640, 11.06318248, 10.77579337, 10.48129258,
10.18123879, 9.877147883, 9.570479774, 9.262628157, 8.954908933, 8.648554194,
8.344706892, 8.044415916, 7.748635088, 7.458223064, 7.173943170, 6.896465691,
6.626371892, 6.364156829, 6.110232924, 5.864936755, 5.628533809, 5.401221338,
5.183136698, 4.974362911, 4.774931806, 4.584829265, 4.404003100, 4.232367272,
4.069803222, 3.916165349, 3.771288789, 3.634990505, 3.507070604, 3.387317534,
3.275513168, 3.171432934, 3.074846499, 2.985522968, 2.903233082, 2.827748597,
2.758843636, 2.696298892, 2.639900849, 2.589441648, 2.544721720, 2.505550880,
2.471747060, 2.443137062, 2.419558974, 2.400860782, 2.386899954, 2.377545019,
2.372675958, 2.372182778, 2.375965734, 2.383936822, 2.396018672, 2.412143885,
2.432255601, 2.456308169, 2.484265821, 2.516102487, 2.551802385, 2.591360029,
2.634779227, 2.682073018, 2.733264035, 2.788384372, 2.847474819, 2.910584808,
2.977772432, 3.049104356, 3.124655200, 3.204507432, 3.288751346, 3.377484644,
3.470811687, 3.568843195, 3.671696237, 3.779494225, 3.892366728, 4.010447458,
4.133872772, 4.262781395, 4.397314392, 4.537615171, 4.683829484, 4.836104696,
4.994580797, 5.159393091, 5.330670399, 5.508533882, 5.693097043, 5.884463977,
6.082718130, 6.287923600, 6.500120343, 6.719323441, 6.945523098, 7.178675802,
7.418691709, 7.665435984, 7.918722704, 8.178314853, 8.443918549;
