xx := 3.215000000, 3.252487762, 5.048394700, 3.071371017, 3.103051463, 4.94605\
5933, 5.654993730, 5.851465922, 3.370065036, 4.160379014, 4.508990722, 5.28347\
6749, 5.230410002, 6.504357438, 5.991876146, 7.284514105, 6.878807497, 7.66427\
1827, 6.647398086, 6.372651185, 8.349457954, 7.394193968, 7.461176017, 10.4076\
5637, 8.880796712, 10.27565184, 11.02515929, 9.416117861, 11.20815317, 10.9226\
9801, 11.74497975, 11.39697349, 11.94737418, 12.68958248, 14.92967843, 13.0913\
7243, 14.18900255, 15.58253250, 16.03553082, 16.08116624, 15.51124638, 18.6082\
3381, 17.92730266, 17.31840449, 17.27734504, 19.59289996, 18.29891684, 19.6814\
5833, 20.18993104, 18.39222876, 19.93386691, 19.86210226, 20.43703910, 19.3567\
0331, 19.22809005, 19.95617522, 18.79489239, 17.46907546, 19.37837292, 18.6021\
3298, 15.66127621, 15.36115101, 17.20338964, 16.68776646, 13.91006301, 14.2699\
4986, 14.06188330, 13.56402096, 11.30215676, 12.66267536, 9.336521011, 8.61418\
6602, 8.020710572, 8.305685990, 7.425285698, 8.642280400, 7.173063770, 5.66469\
7550, 6.280935133, 6.289252217, 5.017888337, 5.070869808, 4.291039820, 3.34109\
1123, 4.419582318, 2.284965943, 2.588608540, 1.987803006, .1679144512e-1, .820\
7751810, 1.038924716, -.2506042519, -1.191667140, 1.034879310, -.126815672, -.\
657594989, -1.857285042, -1.263695010, -2.036614280, -.708806987, -.902014179,
-1.890950725, -1.003302977, -2.577731710, -1.409869220, -1.298318873, -1.66165\
8237, -3.586436739, -3.383175828, -2.408372309, -3.599496777, -2.072993310, -2\
.563283113, -2.154763958, -3.454808744, -2.716769203, -2.388976451, -4.6917389\
60, -3.064344895, -2.499063984, -2.810146381, -5.275821896, -5.063303006, -2.7\
78785103, -4.986444471, -3.505439105, -4.188910642, -3.424984057, -4.129765161
, -5.286341848, -4.008785312, -3.990149641, -6.385468878, -4.987757780, -5.224\
012890, -6.443212375, -5.639313063, -7.417249628, -6.169936077, -7.675265789,
-7.592110130, -6.367314847, -7.759702082, -5.775070893, -5.645197201, -8.44083\
1213, -6.175695898, -6.835490250, -8.487889566, -8.051545431, -6.753083564, -7\
.625105635, -9.314193231, -7.358908003, -7.476792737, -7.630371280, -7.6151548\
40, -8.951644560, -8.291332640, -8.846705730, -10.50924981, -8.805456180, -9.0\
20822700, -8.286859330, -10.58109299, -10.31107467, -11.14838093, -9.951620220
, -10.29043733, -10.81451962, -9.057598420, -8.490454470, -9.451920480, -10.46\
588505, -8.367293310, -8.598149630, -9.145517720, -10.89452051, -9.870340050,
-8.542216420, -8.107444370, -10.63337105, -10.03039364, -10.71195480, -10.5005\
3692, -8.406659650, -10.11587432, -9.862757100, -7.158905150, -7.839931769, -9\
.125459817, -7.896116369, -9.315529441, -9.067322707, -8.064109645, -8.5204914\
73, -7.332053422, -8.075360668, -6.562955631, -6.344356625, -7.492055904, -5.9\
11517186, -6.805175035, -6.405434721, -6.926671846, -5.705231634, -4.934428979
, -6.306549900, -6.806852291, -5.901566417, -6.146895046, -4.180015612, -4.735\
082233, -3.996226761, -4.960559306, -3.239168718, -5.237126726, -3.073488862,
-3.423295818, -2.932573677, -5.015334075, -2.759578271, -3.146299258, -4.11448\
2148, -5.277104607, -3.412136854, -3.499541659, -2.959276713, -4.149300522, -4\
.315568502, -4.052034009, -4.864648386, -2.781360968, -4.369120121, -5.2058773\
84, -3.845584817, -4.047195053, -2.615661366, -4.311937745, -3.156980525, -4.8\
92748461, -3.552201528, -5.369300905, -2.649008969, -5.222289532, -2.814108225
, -4.697431132, -5.556224530, -3.341454886, -3.162088447, -4.385090727, -4.787\
425725, -5.341054975, -5.724937540, -4.205029938, -5.527284060, -6.433646596,
-5.217057640, -6.146450100, -4.325749694, -5.901874944, -6.917733827, -5.27322\
1383, -5.846219954, -5.576597833, -6.756209268, -7.518894461, -5.164477855, -6\
.181760766, -5.512524726, -7.956530337, -8.200517082, -6.934203327, -8.0332846\
94, -6.376427632, -8.482273415, -7.909438951, -8.062516735, -8.167074820, -6.8\
48654289, -7.523769945, -7.440915787, -8.768565410, -7.552172650, -9.107172860
, -7.627986840, -9.069027070, -9.490698360, -9.258402380, -10.08154136, -10.38\
452719, -8.867783170, -9.421749970, -8.724890950, -10.07370126, -10.34171010,
-9.408487440, -9.133649150, -11.21486438, -9.720857250, -9.622412630, -11.5763\
7891, -9.027671760, -10.01327480, -11.47324200, -8.934696920, -10.20683192, -\
10.38790743, -9.664249560, -8.372245030, -9.596339010, -9.170030520, -9.178865\
520, -10.04643199, -8.410355060, -7.475289190, -8.165911330, -9.081916530, -7.\
536010575, -8.577902415, -6.814300667, -7.993907572, -8.412412334, -8.78148805\
7, -6.467787876, -6.487940412, -6.181546532, -7.463177907, -6.733374868, -7.71\
2643880, -5.451456949, -7.450251613, -5.825430600, -4.552361328, -4.990376224,
-5.036774651, -5.135823687, -5.077758839, -5.816784438, -3.774077008, -4.24478\
6738, -5.132038984, -4.311934483, -5.648551603, -3.714950330, -3.455173056, -4\
.416245814, -4.495178283, -3.184965880, -4.466594856, -3.450042204, -3.8552767\
60, -2.883259213, -2.612942101, -2.198271098, -4.729192412, -4.853649812, -3.3\
42584974, -3.879937715, -3.729645996, -3.551646668, -2.037880486, -4.594289776
, -3.378818087, -2.519410369, -2.598013092, -2.237576296, -2.680053572, -3.442\
400910, -5.115576702, -4.714541772, -4.729260220, -2.837699323, -4.658828322,
-2.617618341, -4.751042345, -4.531074878, -5.263691898, -5.151869406, -3.78458\
3259, -4.773809168, -4.444521575, -3.231692817, -6.028291954, -5.967283982, -4\
.173629832, -4.562286188, -4.205202142, -6.501318589, -4.073566440, -4.1668659\
51, -5.260126727, -5.160247722, -5.838114489, -6.849592495, -6.061530157, -6.7\
34756243, -6.688079786, -5.438290081, -5.829156213, -6.108418127, -6.803787386
, -8.088948864, -5.970559899, -6.367250294, -7.109621499, -7.753240040, -7.280\
640774, -7.266329989, -8.084785387, -8.928456252, -9.115762330, -10.22109654,
-9.900831680, -8.736320830, -8.784900360, -8.401892500, -9.140614720, -8.34538\
3160, -9.366516870, -9.914343900, -9.193211430, -9.917490330, -10.15158151, -\
11.34992306, -9.288000510, -11.24335016, -11.59056657, -10.83930832, -10.71130\
513, -10.50435967, -11.85635317, -11.53024717, -10.32708534, -11.31899398, -9.\
790182000, -9.178937420, -9.653625970, -11.25368746, -10.70962920, -8.79602123\
0, -10.42149100, -8.977714440, -7.963408950, -10.22032734, -10.19624818, -7.69\
9967820, -7.196294710, -7.222040575, -8.507012557, -8.082008855, -7.717811867,
-9.023181385, -7.333851829, -6.790527856, -8.089879717, -7.689541250, -6.22010\
8291, -7.270136677, -4.882140651, -4.570593034, -5.825925768, -5.807529880, -4\
.203755561, -5.571914007, -5.037279468, -5.645090604, -3.537550939, -5.5578315\
06, -4.428074170, -5.899393404, -3.365877197, -4.081588019, -4.170568319, -3.2\
54841712, -4.430414856, -3.785277615, -2.444403897, -4.364757750, -2.703294705
, -3.840962727, -4.219702370, -4.478446775, -3.477121674, -1.965650413, -4.722\
959414, -4.056972819, -1.764614217, -4.616806644, -3.622472777, -1.997539106,
-4.622936056, -1.667596439, -2.518455741, -4.292452246, -3.518529153, -2.61163\
4595, -2.156720474, -3.044742457, -4.222660126, -4.256438185, -4.148045683, -2\
.178455157, -4.812642622, -3.608587490, -3.405272796, -4.523684187, -2.8628091\
53, -4.239637022, -4.559158546, -3.320364911, -4.693246966, -3.340794083, -5.1\
69994128, -4.678833313, -4.870293529, -5.720351628, -3.250977588, -5.934133973
, -4.496775935, -6.012851052, -6.096294048, -6.298025614, -5.468950719, -4.859\
957289, -4.674916206, -6.305681312, -5.234088472, -7.012943850, -6.560026883,
-7.019089472, -8.020854739, -7.660017028, -6.110241887, -7.994159082, -8.72735\
7267, -7.823390545, -8.845777478, -7.213001088, -9.437508272, -8.624704863, -8\
.316960800, -10.12461479, -8.292974300, -10.39631767, -10.04089528, -9.3319395\
40, -10.65366845, -8.977289270, -10.35900489, -10.95202481, -10.70157103, -10.\
03288489, -10.32823587, -9.087934330, -10.22033611, -10.41285235, -10.14195841
, -11.06920337, -10.87221394, -11.87870302, -10.08647474, -11.75342821, -11.78\
556032, -11.73696746, -11.89284450, -10.07248419, -10.08327444, -10.02969190,
-9.258298470, -8.852734400, -10.17870829, -8.745991000, -8.545406280, -7.84981\
8930, -9.168127700, -8.772255160, -8.685135960, -9.573710260, -8.663914514, -7\
.921671447, -6.393884893, -6.706432910, -6.538160403, -6.510875554, -7.9993460\
10, -7.989294580, -5.620396875, -6.803280468, -6.909523656, -6.845654351, -7.0\
80150601, -4.871442195, -4.860911477, -5.128893866, -6.221680429, -4.326520866
, -3.370625622, -3.489166562, -4.598280588, -4.499073544, -5.186622568, -2.688\
977019, -3.414160105, -3.855175275, -4.717007434, -3.860624942, -2.821979689,
-2.585008711, -2.699641759, -4.284800294, -3.986398702, -1.699344425, -3.32453\
8997, -3.086884245, -2.048281410, -2.977631115, -2.628833470, -1.604788747, -2\
.404402088, -2.828582386, -2.328241716, -3.456295416, -2.051663158, -2.9952715\
29, -3.902052392, -2.695942625, -3.243884194, -3.970825630, -3.067722187, -2.7\
87534585, -1.891228957, -2.286777018, -3.920156922, -3.311352124, -3.694350778
, -2.537145729, -2.158734307, -2.700118266, -3.420302445, -2.021294445, -3.456\
104606, -2.309744920, -4.444228337, -4.540567341, -2.598773473, -2.887857342,
-3.121827683, -5.019688175, -4.969436963, -3.295064595, -3.662553941, -5.30388\
0182, -4.031009839, -6.632893081, -6.362465005, -5.781642357, -4.416322841, -6\
.580385116, -7.401688797, -6.331068056, -6.332322306, -6.763221644, -7.1585026\
96, -6.410868587, -6.811988945, -6.267496381, -7.401973503, -6.932960268, -8.5\
76953149, -8.010404947, -9.390724680, -7.662272220, -7.489357350, -9.699248280
, -8.492172250, -8.352316280, -10.87182877, -9.050826110, -10.28640198, -10.53\
662928, -9.023567950, -10.30627494, -11.36581590, -11.41527058, -10.58274500,
-11.78938576, -11.22738855, -10.13500914, -10.36557541, -11.84350021, -11.3252\
8700, -12.05954115, -9.992977630, -11.03842590, -12.47183485, -10.36027502, -\
10.28393874, -9.702139690, -11.25830884, -11.31098833, -9.080826680, -11.55856\
865, -11.06204492, -11.36316372, -9.657896420, -9.220266290, -8.926337580, -9.\
005200200, -10.06995971, -9.835725950, -8.123599713, -9.413665009, -8.33097961\
5, -7.171565152, -7.619402091, -7.458423681, -8.444509773, -6.297484365, -5.39\
8113242, -7.541101433, -6.571092360, -5.065668776, -5.737353331, -4.680608964,
-4.244841102, -4.139400930, -4.928587741, -4.764649973, -4.616790071, -2.94916\
8228, -3.175905263, -2.912083442, -3.687752390, -4.647932904, -4.958619739, -3\
.044782166, -3.181366765, -3.886304599, -4.301512584, -3.667895149, -3.3893442\
48, -3.135739585, -2.549956696, -2.948869619, -2.157349039, -1.021263193, -1.3\
73477865, -2.235858852, -.896278212, -2.442610588, -3.355733766, -3.668528802,
-1.910882926, -2.078690757, -1.831852735, -3.564275150, -1.374871203, -3.06056\
2947, -1.019279712, -3.755957840, -2.291540987, -.951981700, -2.821240329, -2.\
475284396, -3.400088608, -1.665635607, -1.642915668, -3.736925621, -1.42566879\
6, -3.400154932, -2.274400276, -3.298426410, -2.080259831, -4.112931922, -3.83\
4478157, -4.139937492, -4.297351092, -4.150762013, -4.459215202, -3.821756231,
-4.347429134, -2.715275306, -5.051332192, -3.540633286, -3.163208131, -4.72008\
0070, -4.983259985, -3.445747432, -6.128527052, -4.322568419, -5.899826044, -5\
.616239199, -6.600720561, -5.106153939, -7.138394629, -6.712266066, -6.6655598\
22, -5.123035406, -7.784408482, -6.942345948, -6.163467663, -8.885344061, -6.2\
21496159, -7.933395062, -6.811449376, -9.101004226, -8.981347920, -9.367711370
, -9.233268100, -8.550131650, -10.91735651, -10.30995021, -10.76787474, -10.46\
905110, -9.685365300, -11.96468441, -9.934862330, -11.00775080, -11.73821350,
-11.12014347, -10.90747195, -12.16118544, -10.98034471, -12.96209512, -10.3596\
8244, -10.40546777, -10.27893906, -12.88672041, -10.09858155, -12.72044379, -\
11.36238304, -10.37463123, -11.58157297, -11.96574284, -12.08281679, -9.674602\
040, -9.173027790, -11.93812863, -9.052031730, -9.902941450, -10.91612008, -10\
.16387480, -10.05053938, -8.261457630, -7.680971120, -8.715402320, -8.95104363\
8, -6.790146791, -8.758911115, -8.558477308, -6.639920814, -7.888245389, -6.73\
0380755, -5.066180535, -7.168420227, -4.391797482, -4.671934034, -6.383377069,
-5.293600520, -4.550009836, -5.391945679, -3.427686211, -3.220451319, -3.09040\
8670, -4.519677699, -2.837331119, -4.235401444, -1.828886266, -4.617751671, -3\
.304932969, -4.097340154, -1.729864317, -3.687379883, -3.438745651, -2.3488048\
22, -1.455391129, -2.201335326, -2.372462916, -2.883595332, -1.622550262, -.76\
7147676, -2.225211130, -1.148566474, -.951042249, -.258472733, -2.202699861, -\
1.290571710, -2.708942580, -.733675311, -2.918642334, -1.157724150, -2.9148093\
82, -2.204796632, -.155594695, -1.699121248, -2.224302903, -1.497076628, -1.10\
1389448, -1.265197368, -3.137465402, -1.621168514, -3.157291220, -2.477826634,
-1.796776445, -.583151293, -3.183970607, -3.284261618, -3.188059298, -3.564406\
217, -1.851352435, -3.484954583, -1.511275536, -2.437384406, -3.128355804, -1.\
985268984, -3.604206857, -2.834255719, -1.676505246, -1.832048129, -2.60497727\
5, -2.681384547, -3.108358738, -5.049985355, -2.752346615, -4.426521447, -3.42\
4585112, -3.499597881, -3.967606493, -6.043642909, -4.057721534, -4.540839225,
-4.645975283, -5.573081930, -5.378075863, -5.800840783, -5.392222188, -7.17602\
7368, -6.202024207, -6.054924326, -7.961382165, -6.604992015, -8.492286288, -8\
.099735510, -9.401740336, -8.077616362, -7.846602670, -8.254860670, -7.8224740\
50, -8.207446420, -9.579693050, -9.109054630, -11.18030266, -10.90514098, -9.6\
92211970, -12.17511051, -9.628398790, -10.41761500, -10.26629044, -12.70697405
, -11.54624520, -13.22673578, -10.83515595, -11.86131223, -12.05012857, -13.61\
766993, -11.28915952, -10.95899463, -13.58376208, -11.86124833, -13.55244642,
-13.46455866, -10.96499557, -12.50737171, -10.58649397, -11.04435141, -9.77509\
7740, -9.546031720, -12.11957886, -11.11926508, -9.750697090, -10.00753673, -9\
.434477710, -8.108225470, -8.523473060, -10.14188526, -7.169079721, -8.3696118\
87, -8.197964192, -8.533533669, -7.097625363, -6.666446789, -5.942102926, -5.2\
13595363, -6.506822357, -4.275578929, -6.821559927, -6.204364375, -6.162498326
, -3.987380028, -3.225346874, -2.943659753, -4.369508007, -2.958017966, -4.517\
258183, -4.151242401, -1.637938680, -2.500275007, -2.934142307, -2.930397880,
-1.837875097, -.628385155, -1.647718921, -1.307652496, -2.958952303, -2.821375\
696, -.528672459, -1.945591013, -2.010878911, -.844283184, -.134553998, -.3734\
46562, -1.017720433, .494858443, -.728484632, -1.393531920, -1.944074075, -.12\
9912639, -2.103858779, .456266826, -1.890368145, -.65607033e-1, .191696712, -1\
.502321639, -1.481538737, -1.929841647, .242872005, -1.602307288, -.457299754,
-.789035739, -.866456392, -1.259513921, -1.473170374, -2.194397591, .311822073
, -1.706503714, -1.649376562, -.452807432, .134182875, -.29435639e-1, -1.11770\
1775, -.640663158, -.230376434, -1.071906882, -1.209328091, -2.250721959, -.\
2178638e-2, -.817796085, -2.210679830, -2.758942973, -.935706188, -.896097676,
-.672251824, -2.199308321, -2.636412555, -1.116715630, -1.594374360, -3.673551\
226, -2.344410935, -1.357118906, -3.627841932, -3.228747379, -2.206003187, -3.\
079776564, -2.169227600, -2.306509335, -3.056765534, -5.659130501, -5.69172870\
6, -6.022665395, -4.387023366, -4.375859179, -4.348201263, -4.400049908, -6.21\
1369755, -5.693074120, -7.192026239, -7.771032274, -7.714841225, -7.551136968,
-7.723517435, -7.142495626, -9.038492785, -7.623838275, -8.717760290, -8.41936\
3870, -7.831637950, -9.836453710, -10.13056447, -9.981599100, -10.48305337, -\
10.87731108, -11.16564802, -10.28423686, -10.08215866, -10.42543057, -10.79002\
030, -11.59686905, -12.56192576, -12.59117590, -14.12767135, -13.01157192, -13\
.30317773, -12.35796274, -12.10661360, -13.82605604, -12.78148326, -13.1933787\
9, -13.90353048, -12.16404086, -12.47832785, -12.13812112, -13.46644676, -12.4\
9261120, -13.06417345, -10.99191641, -11.73181292, -10.69598773, -11.87068216,
-9.483212380, -8.830936320, -10.53121409, -9.009379200, -10.07570631, -8.81538\
7420, -8.296509927, -7.696038394, -6.838802579, -6.326486079, -7.537621633, -6\
.900587626, -6.192607659, -4.493753947, -4.129950393, -4.417979617, -5.5114898\
29, -4.909002373, -5.355922470, -2.691545903, -2.802069235, -3.296601535, -3.8\
09171067, -2.206731580, -3.448176812, -2.265346853, -2.747031605, -2.876979959
, -.377910022, -1.312512686, -1.831452911, -1.586378426, -.462927017, -1.61072\
6274, -1.360396167, -1.520556560, -.7978274290, -1.507829866, .960808942, .851\
455464, .957469363, .334199983, -.6580129380, -.3268401029, 1.478035393, 1.891\
919291, 1.566104775, 1.505872367, 2.149490632, 1.466214978, 1.715288831, .2929\
432289, .3013969924, .458575198e-1, 1.905520309, .4895700690, 1.672180514, 1.7\
72515014, 1.288727011, 1.321960162, 2.109349150, .8190196357, 1.126089086, -.\
623331636e-1, 2.011854718, .467473149e-1, 2.502432370, 1.890991188, 1.68349889\
9, .2630249126, -.3669048e-3, 1.754382254, -.466737737e-1, 1.139514375, 1.3349\
91662, 2.675799014, 1.075973564, .5705487313, 2.803554648, -.1059818400, 1.033\
963074, 2.431410418, 1.779378408, -.311172701e-1, .3569366930, .3605511907, 2.\
679734949, 2.019494640, 2.534834829, 2.782758156, 2.799265443, 1.459355656, 1.\
964025964, 1.844271870, -.339127951e-1, 1.615464081, .3243929883, 1.993862820,
2.366860841, 1.074372664, 1.095382269, 1.238872000, 1.390822523, 2.394212813,
2.440020073, .9612197174, -.2392146750, .3266886296, .938993985e-1, 1.81938530\
9, 1.255111942, 1.776042693, .1001387810, 2.407358944, 1.347659381, 1.38799370\
2, 2.165312881, .7995650199, 1.754695103, 1.349644966, .2983532228, .196755049\
2, 1.494781809, -.4246389949, 2.139416198, .6758667485, .7646273498, 1.4906079\
59, 1.233713713, .568445714e-1, 1.892894786, -.9202471906, .1853012223, 1.9244\
16211, 1.689967010, .684815795, .618817631, .678819715, .714660855, 1.46117134\
6, 1.520172963, -.7375221010, .66888366e-1, -1.172803484, .664184391, .\
51622664e-1, .808270359, -.138125009, -.861827628, -1.471114670, -2.320276423,
-1.069615666, -.860448023, -1.399103045, -1.800924084, -2.123266767, -2.849499\
284, -2.495003061, -1.669172120, -1.527409926, -2.529128958, -1.365750659, -2.\
960704155, -2.832420048, -2.157327882, -2.891854345, -3.818422170, -3.06243836\
8, -5.181287905, -5.573327963, -5.234885807, -4.445240689, -6.450610628, -6.28\
6142199, -7.110904788, -7.121860924, -7.413847753, -8.292563790, -8.260552632,
-7.635161898, -8.011523440, -8.893541960, -8.482858990, -9.018816550, -9.43444\
4560, -11.54845566, -12.62220455, -11.98967720, -12.17351054, -12.35099370, -\
13.82607089, -12.73039776, -13.80238274, -15.25524553, -14.45011365, -14.26810\
530, -16.41444691, -15.34359280, -16.67334620, -16.54199271, -17.41541086, -16\
.03318846, -15.55570502, -15.90120048, -17.12381120, -16.50957516, -15.7944092\
5, -13.76905135, -16.07398177, -14.03431761, -14.15269428, -13.11613754, -13.8\
7592927, -12.86748104, -10.26421131, -11.72643721, -11.77228102, -9.782592270,
-9.499887660, -8.978308208, -8.266589818, -7.359051875, -7.485591397, -6.12569\
4438, -5.171453177, -3.061578581, -4.774436688, -2.277075472, -3.850245629, -3\
.191441212, -1.266927236, -2.714760220, -.559825573, .71141514e-1, .384536907,
1.400858654, .3156934843, -.173001105e-1, 2.103587948, 2.386112182, 2.00705715\
4, 3.202225707, 2.219434311, 4.132501517, 3.020244634, 4.130473448, 2.51398460\
5, 2.533561054, 2.554965483, 3.256940364, 3.899206588, 4.884459129, 5.51736958\
8, 3.851584080, 5.089721347, 4.246375909, 3.596115945, 5.353482840, 6.14999444\
8, 5.353143398, 6.377396948, 6.928200399, 4.680976090, 6.266122639, 5.78001854\
3, 6.100022093, 6.638469639, 5.850678876, 7.786949785, 6.774562821, 6.56978019\
7, 5.966848131, 7.851996184, 5.661435590, 5.773361950, 7.218955867, 8.01238129\
5, 8.141784815, 8.927297817, 6.685036550, 6.269099783, 9.161568226, 8.53750613\
6, 6.793961277, 7.482962305, 9.029517196, 8.307614638, 8.755224077, 8.03229392\
6, 9.243747781, 7.691485731, 8.130384523, 9.444297325, 9.260049475, 9.19443714\
8, 10.47422900, 10.58816617, 9.244961677, 8.892295575, 11.22181654, 10.0741440\
9, 11.56586866, 12.41755112, 10.71772002, 12.18087668, 10.96849787, 10.6080360\
7, 12.11892090, 13.07656148, 11.91735422, 13.36868388, 12.67192767, 11.3474591\
2, 11.30865781, 13.82991182, 11.48262372, 13.32921642, 12.16614319, 14.2628903\
9, 12.92598475, 12.60099940, 14.22056206, 14.61335708, 13.97413222, 12.6117021\
3, 13.28895270, 13.01784207, 14.33040389, 13.38074653, 13.76905303, 11.7305803\
9, 11.37565694, 11.95467757, 11.28110160, 11.76144751, 12.59528547, 11.3022331\
0, 13.27994911, 11.62012454, 10.86247691, 12.89474418, 10.78467603, 10.3620273\
1, 11.97255325, 9.899002156, 11.81310892, 9.660591921, 11.83314792, 9.31344671\
2, 9.428129162, 10.41080458, 10.16804773, 8.190396963, 8.459353839, 9.15138264\
9, 8.685909461, 9.964322038, 9.506971293, 9.987172262, 9.293204773, 7.28131375\
9, 8.358712247, 6.486583241, 7.959081287, 8.981332796, 6.994438547, 6.86147751\
2, 8.465508075, 7.075569196, 6.555680487, 5.780846142, 7.874058238, 5.95029753\
1, 6.531534236, 6.644728021, 5.296828536, 5.529782230, 5.297531699, 7.84301547\
5, 5.609168539, 5.774922406, 5.214208465, 7.652959809, 5.684109883, 5.35259266\
6, 5.809342684, 5.566296798, 6.720396236, 6.832584836, 5.863809042, 6.31901791\
5, 6.263164153, 7.034205130, 7.909101404, 7.474816557, 6.223317189, 5.27057326\
4, 5.828558362, 7.084248297, 6.676620916, 6.657656069, 5.860335063, 8.30464045\
4, 6.700554654, 7.735059562, 7.277136570, 6.802765642, 6.413923600, 8.92758343\
1, 8.889712972, 7.182274897, 6.832226718, 7.734518021, 8.509087896, 8.45386420\
2, 6.986761851, 9.942682813, 7.229516109, 7.733137473, 8.015400643, 8.97313757\
9, 8.224158391, 9.794249844, 9.060175358, 11.28967501, 11.14546202, 8.71421311\
8, 9.989575260, 10.30916437, 9.234565233, 11.55933147, 11.33698148, 10.6669961\
7, 11.80782549, 10.60688912, 12.20857655, 11.23324775, 13.35023411, 13.0058473\
5, 11.09638095, 12.08211330, 12.09831197, 13.03424340, 12.81617779, 13.2163941\
8, 12.15818767, 11.86688084, 14.36082845, 13.95742520, 14.25011375, 12.7843951\
4, 12.54183209, 12.48105750, 13.80778004, 12.45979010, 13.17696189, 14.5282583\
4, 13.80773135, 12.90552271, 13.74486392, 13.84207326, 14.52955196, 13.7377813\
8, 12.83231660, 11.47477859, 11.12684941, 13.83526346, 12.32279736, 13.5802641\
8, 11.99250384, 10.93237260, 10.46373741, 10.21846709, 10.48542283, 11.4064536\
6, 11.88738953, 10.82803399, 11.46916085, 9.350510032, 9.770783015, 10.5286402\
9, 9.707700117, 8.070536829, 10.44467924, 10.13761085, 8.580770819, 8.03955427\
7, 9.195312568, 7.887355176, 9.089952303, 9.071336531, 8.959703459, 8.83321443\
3, 8.095000391, 7.060163828, 5.827779872, 7.967897323, 7.027544545, 6.44773081\
8, 5.670448326, 7.980672328, 6.715362259, 6.962468638, 6.918933048, 6.73168923\
2, 6.055663276, 6.816773710, 5.108936333, 5.009067036, 6.559080186, 6.48588909\
5, 5.752406026, 4.982543591, 6.039219552, 4.983354268, 6.089870775, 6.93169482\
2, 5.504755991, 6.290990042, 5.057337249, 7.317742191, 7.297153775, 5.72452639\
8, 6.241820408, 6.110000729, 7.108036767, 5.788902424, 5.869576687, 7.48204302\
0, 6.225288345, 6.941303021, 6.834080614, 5.498617490, 7.398911987, 5.99796341\
4, 7.568772042, 8.247338759, 6.317663158, 7.698742960, 6.201572413, 7.62514214\
6, 7.532439168, 7.357445050, 8.816132304, 8.977464069, 7.046391840, 7.82885543\
9, 9.332783014, 8.168090631, 8.720673247, 9.394405030, 9.388138023, 10.2347005\
3, 7.997897108, 8.194508575, 9.495287561, 10.65794720, 11.25916786, 11.0825944\
6, 10.83883635, 9.837467309, 11.25802213, 10.30598777, 11.18681115, 10.3689000\
1, 12.42962291, 12.83830912, 10.83524617, 13.34668699, 12.18185515, 13.1479456\
3, 11.16812922, 13.78355829, 12.11637789, 11.86272833, 13.56775397, 13.6996130\
4, 12.61748916, 12.54059661, 13.30919190, 13.61458617, 14.36515268, 14.3063358\
8, 12.65766065, 15.01674232, 12.62629014, 14.70211535, 12.37613447, 14.2133720\
7, 12.91496230, 12.54314793, 14.88027741, 14.58080250, 12.86027211, 13.6223241\
6, 11.65068008, 13.12913426, 13.21354313, 11.24181746, 12.19790941, 11.3368014\
0, 10.54049756, 12.48601100, 11.18035404, 11.40353069, 10.27952586, 10.4582981\
0, 10.93577412, 11.62884138, 9.502343159, 9.618075796, 9.057785031, 10.0241630\
6, 8.494848123, 10.35942419, 8.202420311, 7.724310896, 9.924518098, 8.88141343\
7, 6.737318958, 7.995508967, 6.536214566, 6.082626001, 6.046894223, 6.33913301\
4, 8.372424884, 7.535823179, 6.439354037, 7.348016945, 6.592791086, 5.59563805\
8, 5.562503939, 5.215319718, 6.585001480, 5.861457049, 5.099588789, 6.37229280\
9, 7.114459796, 5.222975322, 6.796724998, 5.526595833, 6.995475287, 6.86825146\
1, 4.994813622, 5.668056596, 5.851880115, 5.363188016, 7.006888325, 5.88389466\
1, 4.763128315, 5.360516594, 4.183992641, 6.180495682, 4.887972805, 6.81337818\
6, 5.518672261, 4.957821725, 5.199800116, 7.261588164, 5.968172436, 4.67654518\
0, 5.669704258, 6.244653259, 5.510400743, 7.075959332, 4.848345684, 6.59158007\
7, 7.361685514, 7.437686787, 6.342609560, 7.007480364, 6.093326207, 7.69517187\
1, 6.143039225, 6.494945302, 6.332902066, 7.771916420, 8.972989469, 8.10311002\
0, 8.813255019, 7.800386290, 8.883449827, 8.390375799, 8.058078546, 9.06245168\
9, 7.662356567, 9.518628513, 9.621071678, 10.47445884, 11.07053142, 10.1909961\
2, 11.38751066, 9.799689426, 9.426101334, 12.23126951, 12.13967128, 10.7017344\
0, 10.48482642, 10.48626429, 10.56131581, 11.35719954, 12.16508513, 11.6280918\
7, 11.40429952, 11.68775318, 14.18746577, 13.46642498, 11.92360522, 14.7269769\
9, 14.42651421, 14.17420617, 13.20107459, 13.81318095, 15.01064059, 12.8806375\
0, 14.89843703, 15.49239553, 15.31897288, 14.20674447, 15.68940617, 14.7147835\
3, 15.18883527, 14.74765594, 13.29547704, 14.84966349, 12.54371016, 14.2532365\
3, 13.42697583, 13.40776701, 13.09854345, 11.76531755, 14.11317046, 11.8002367\
8, 13.53068876, 10.94772549, 10.97955670, 10.79239019, 11.54842158, 10.9868207\
4, 10.88472339, 10.30422315, 11.49336241, 8.852127568, 11.35144476, 11.0391751\
8, 10.63111312, 10.59598548, 8.261450929, 7.819099766, 9.602456108, 8.77898018\
3, 6.693069893, 8.544062979, 7.261242157, 6.549838327, 8.090032235, 6.05295893\
3, 5.634713188, 7.516352882, 5.403900093, 6.842345541, 6.908654707, 5.47677041\
8, 7.166614199, 5.771086776, 6.486075950, 5.873459067, 6.144103632, 6.56886787\
4, 3.952602619, 5.663158181, 4.008383305, 3.794125519, 6.205231259, 5.98554979\
6, 4.967935725, 3.668247285, 6.259346522, 6.426100689, 4.648385473, 3.87808329\
7, 4.196083071, 5.536280822, 4.937582165, 5.168901011, 6.077159016, 4.16128588\
3, 3.720221082, 5.410912867, 5.732317565, 6.262399660, 4.652132835, 6.28649938\
9, 5.912489337, 6.179100386, 6.504338216, 4.767216405, 5.902755305, 4.62198192\
3, 5.181929759, 5.860638495, 6.049153155, 4.559523433, 6.347803681, 7.41205238\
3, 6.336330699, 6.210701562, 7.377228739, 6.961976813, 6.900011164, 7.42839521\
3, 8.136188414, 8.084444187, 7.195208559, 7.742520167, 6.201410250, 7.83090263\
8, 6.883004555, 7.905702533, 7.781964741, 9.643736559, 8.414940578, 8.26247659\
9, 10.03521464, 9.586982808, 8.654572210, 8.659731383, 8.999166244, 10.1735398\
6, 9.344459881, 11.56947219, 10.74606351, 12.07565949, 12.05662471, 11.7712614\
3, 12.21179569, 10.77038253, 13.12211274, 12.57301266, 11.94204487, 11.4981078\
1, 13.86204771, 13.54866735, 13.37072993, 14.21796969, 12.61810908, 13.3518699\
0, 14.89998638, 13.89822337, 15.48439681, 15.34938570, 15.74215210, 15.3237626\
2, 16.16639955, 14.18037901, 13.95516589, 15.70938337, 14.79882318, 14.1844513\
4, 16.13741105, 15.70202350, 14.60678237, 13.02334876, 15.07154164, 12.6583230\
4, 14.37378668, 14.34813887, 13.37168079, 13.25179154, 14.13990526, 12.2304952\
5, 11.28705372, 11.87507289, 11.26003109, 11.89737462, 10.94450608, 11.9607729\
0, 11.13445566, 8.907762070, 10.36382036, 10.57167375, 8.323278935, 8.57250464\
7, 10.00913063, 9.432849414, 7.393269084, 9.017915168, 6.618233864, 8.58559776\
6, 6.814309965, 7.622606491, 6.510663981, 8.143604781, 7.115499998, 6.85237392\
4, 5.905211849, 5.971964107, 6.800547685, 6.146850283, 5.099738694, 4.85006125\
0, 5.607649401, 6.481317761, 3.870870871, 4.049109422, 5.725828244, 6.09581747\
8, 4.549864649, 5.518760844, 4.691299111, 3.546274728, 4.423487415, 4.56574449\
7, 4.191859498, 4.825652210, 4.363951370, 4.126595330, 4.767430749, 3.22931302\
7, 4.537108714, 5.096694441, 5.228956182, 3.412790077, 5.333103776, 3.51381489\
7, 5.271850761, 3.212149348, 5.680659575, 3.959340005, 3.436158793, 5.78509447\
9, 2.879135728, 4.378280381, 5.347535419, 5.282917407, 5.045452222, 4.38917425\
3, 4.523126356, 3.620359832, 5.538934313, 4.536916997, 3.635382522, 4.47241291\
6, 6.460097001, 5.164529677, 5.877811390, 4.025048090, 5.000351224, 4.91583721\
8, 6.888625214, 5.257835574, 6.986589212, 6.798007582, 6.966212680, 6.55532704\
5, 5.391473273, 5.754763445, 7.327301576, 7.568182103, 8.463487685, 7.16328920\
3, 7.912645763, 8.737596702, 7.805151850, 9.018295063, 8.452978404, 8.74012212\
4, 7.656613583, 7.977290252, 9.707938103, 10.71828707, 9.862008801, 10.6127165\
8, 9.393951879, 12.15717276, 11.46175536, 10.60099101, 12.44508623, 10.9241581\
2, 10.82821556, 13.49417137, 11.38784561, 12.39496553, 14.76816567, 14.6329904\
1, 13.01091415, 12.65434601, 15.64664163, 13.87112182, 14.55609603, 14.1808766\
9, 15.31480487, 14.57528136, 14.44778522, 16.69490336, 15.61236168, 16.3290440\
9, 17.00801928, 17.14456370, 14.53017546, 14.49559037, 14.18778970, 15.9320045\
0, 16.65371357, 14.83863654, 15.89672381, 14.80413702, 15.97823234, 15.5475338\
0, 13.68470839, 12.91453860, 14.48689123, 12.63169227, 14.21189468, 13.2654552\
0, 11.89430763, 10.86534069, 12.35837976, 10.18016772, 10.94735363, 10.3024803\
5, 9.701976542, 10.74315229, 9.986194888, 9.130168432, 8.455015633, 9.72855919\
2, 9.534506423, 8.434455218, 5.978898002, 7.907229699, 5.564755126, 6.01969385\
2, 6.635189790, 5.917317897, 6.278089479, 5.842461546, 6.989342405, 6.79059612\
7, 4.052051504, 4.377505396, 4.439728062, 6.095469002, 5.711459402, 4.34041773\
3, 4.682052303, 3.520064634, 5.018152628, 3.779012368, 4.548341372, 2.83783929\
5, 2.859210824, 2.836166356, 2.771423255, 3.456707716, 4.330754297, 2.72630792\
0, 4.316123889, 3.732967782, 3.520617171, 2.382860573, 4.129497860, 4.14034128\
9, 4.434214158, 2.616951372, 1.424400017, 2.857417979, 3.798874375, 2.91365007\
6, 3.600636304, 1.845734767, 3.924858340, 3.390929793, 3.219881555, 2.55965642\
1, 3.228206731, 1.712493789, 2.653488269, 2.712170179, 2.182527995, 2.27655866\
6, 2.910268048, 3.198670335, 2.484787710, 2.232650456, 4.197297214, 3.20377451\
3, 3.146136641, 4.297445726, 2.064771845, 4.956192844, 2.723794338, 3.76166971\
1, 2.423920252, 3.708654674, 4.294989494, 3.070049192, 4.254966208, 4.81988094\
9, 5.475940908, 4.834301017, 5.625124183, 3.990581289, 3.935851027, 4.82211841\
5, 5.344574946, 4.708419104, 4.626856367, 6.510098469, 6.455360955, 4.66686346\
6, 4.828829715, 5.504487405, 5.485065213, 6.294790110, 7.372886724, 7.61857697\
1, 6.054079331, 7.800601772, 7.332338902, 7.025468526, 7.867151121, 7.85952927\
7, 8.688714001, 7.513779748, 8.819758883, 7.392639052, 8.527361566, 8.63280042\
0, 9.955756068, 11.13094685, 9.839006775, 11.86947726, 12.29578005, 10.5922148\
4, 11.98095141, 11.21402900, 13.04233611, 12.30459405, 13.91636430, 12.3950474\
9, 13.63688170, 12.96292900, 15.83709569, 15.02414786, 13.83071781, 14.3453243\
2, 16.62241065, 17.37736842, 16.84457498, 15.76844469, 16.21346696, 16.4642577\
2, 17.30461616, 16.81256659, 16.27941182, 17.55477766, 16.71064784, 17.6283975\
5, 17.46681289, 17.00010271, 16.84389808, 17.33524292, 16.60657026, 17.3146749\
1, 16.64167010, 16.77694642, 15.80911664, 15.67896720, 13.54539973, 15.0843822\
9, 14.25389502, 11.53688716, 11.32223237, 10.82269525, 10.94989933, 11.2773044\
5, 10.26518794, 11.53963244, 10.56651866, 8.448522410, 9.453116168, 9.92157287\
5, 9.296974793, 8.558220361, 6.701036157, 7.397991723, 6.446507456, 6.60386786\
4, 6.160239067, 6.141679897, 6.125147871, 4.229518795, 4.312596693, 2.90911979\
1, 5.142771623, 2.511193963, 4.211991688, 4.283735865, 1.972977449, 3.57325186\
9, 1.614080428, 4.065974461, 2.150445790, 3.022005688, 3.548165815, .638444735\
9, 1.525369367, 2.431474404, 3.017306273, 1.575423184, .5413957274, 2.71380850\
7, 2.119259549, .2003614168, .317407030e-1, 1.700038506, 1.952909803, .4540237\
866, .5420628005, .6357228236, 1.235712111, 1.075751382, 1.436573013, 1.456920\
093, .9775467484, 1.723216416, 1.581701900, 1.545784841, 1.312254215, 1.396906\
721, .653545671, .731979875, .621024035, -.9935025080, .787223254, -1.56997162\
3, .88742859e-1, -.104801410, -.9387703460, -.325328302, -1.339639373, .401132\
655, -1.028175571, -.932728503, -.17691995e-1, .378767169, .391480384, -.39072\
3730, -.831019217, .420417742, .141407426, -.96233794e-1, -.190692965, -.\
19160202e-1, -.337829987, -1.824901303, -1.405576650, -3.352061600, -2.7895658\
70, -2.718303344, -2.259490514, -2.745345345, -2.859088031, -1.634940992, -2.8\
71126829, -1.554865568, -4.094374600, -4.861868539, -3.164557810, -5.212642680
, -3.320311515, -3.871739141, -4.371086785, -3.534496552, -3.909082540, -4.081\
927763, -4.044080591, -5.814554751, -6.840320128, -7.100286558, -5.412302363,
-6.249147602, -8.506533739, -8.413085790, -6.313328483, -8.617681262, -8.54245\
4254, -7.970845970, -7.666917440, -9.648587530, -9.990634000, -11.34369267, -9\
.434254330, -11.28964711, -11.71805489, -12.30452847, -12.38098844, -10.814237\
12, -13.37098722, -11.16288474, -11.94253284, -12.58753220, -13.14351934, -12.\
67520183, -12.49440966, -15.01413634, -12.60358135, -14.79819837, -13.55972847
, -12.70023611, -14.77213705, -15.04421572, -12.88663629, -11.87894372, -13.74\
705550, -12.99324278, -13.55210672, -12.98354169, -12.93970008, -12.54994391,
-12.07780301, -10.43992279, -11.13702126, -10.30484008, -8.552105240, -10.0934\
8660, -8.463565710, -8.203806640, -8.833532641, -6.445908754, -7.249927655, -7\
.284402475, -6.988961385, -7.127048064, -6.148923524, -4.169671889, -4.6552077\
65, -5.251283900, -2.727503769, -3.516331124, -2.803098856, -2.427024759, -2.2\
08223493, -3.613711129, -2.983421044, -2.987215992, -1.881894574, -1.584197340
, .135177964, -2.213429143, -1.063644740, -.774069009, -.423286294, -1.1598662\
61, .646634466, .724662949, 1.402666900, 1.118095093, -.5486065091, -.83399983\
98, .3133468047, -.5531433789, .7909409612, 1.508000770, .3474246196, 2.484587\
836, 2.147853264, .7865696634, .5190727188, 2.944684350, 1.298713220, 2.832454\
737, 1.798191507, 3.248193492, 1.626718681, 2.361013217, .5343122339, 3.070840\
080, 1.360810978, 2.844429735, 2.370891827, 1.299384680, 2.048087520, .8581723\
916, 2.124804809, 1.030143705, 1.657342790, 2.767550645, 2.992911063, 3.209564\
261, 2.808646813, 1.400292134, 2.743631587, 2.155794396, 1.550908051, 2.948099\
402, 1.625494699, 3.646219665, 4.207400699, 3.441165083, 1.893640784, 3.410957\
499, 1.936247187, 2.419643929, 2.632284241, 4.356308130, 3.076859217, 3.162084\
428, 3.121134913, 3.149166672, 4.323340523, 4.423821758, 4.950781347, 4.491396\
263, 3.999849246, 2.888328464, 4.793028740, 3.201151741, 4.799905439, 5.608503\
582, 3.167166835, 6.011122909, 4.603605618, 4.920853739, 4.740111928, 6.482630\
822, 4.871665667, 6.579473888, 4.694315310, 7.154452134, 6.364147708, 5.005661\
554, 5.956248038, 7.839155310, 6.724625104, 7.643886031, 7.003147924, 8.102597\
550, 7.657397006, 7.764683207, 7.458552693, 9.259053960, 9.065180849, 10.42886\
941, 9.713993369, 9.596338692, 9.742598292, 10.96236194, 11.29911484, 11.74821\
504, 10.57487534, 11.54015658, 12.58796415, 11.15504115, 14.32293615, 13.32401\
034, 15.09244006, 15.06921651, 15.17813690, 15.63581755, 15.16172108, 16.18316\
484, 14.82734760, 17.59839464, 15.38238902, 15.69141889, 17.87163843, 16.82331\
404, 18.48688761, 17.51103965, 18.86773943, 17.89330628, 17.77545271, 16.97432\
509, 18.75353251, 17.41616329, 17.87978795, 15.91545204, 17.11065146, 17.72030\
142, 16.86168975, 14.30342710, 15.50538627, 14.93564272, 14.51740918, 15.22297\
612, 13.39865036, 12.09570323, 12.36431989, 12.93555975, 13.01732015, 11.76031\
059, 10.86803134, 8.788760774, 10.39954708, 9.114206749, 7.991326069, 8.967267\
472, 9.352180224, 8.778008003, 6.060504185, 6.993249791, 5.564662803, 5.174009\
697, 5.773431034, 5.982951125, 4.995486474, 6.026865228, 5.635840107, 3.714095\
014, 3.123256890, 4.105909727, 4.420599655, 3.337838979, 4.247120976, 3.982923\
850, 2.505712115, 3.477942800, 3.215074264, 1.170564640, 3.088876864, 2.942481\
626, 1.924857841, .7794964627, 2.616900251, 1.247585868, .3640840620, 1.006940\
804, 2.293717029, .4529894577, 1.553350111, -.6335936840, -.1472190910, 1.0681\
10843, .255048188, 1.556258370, .414420085, -.7617746930, .649377294, .2585911\
95, -.9324069770, .895118096, .208911753, -.555272150, -1.733672486, -.6715201\
85, .284960260, -.283450428, -1.353965710, -.340794324, .514858269, .183790250
, -.14196765e-1, -.874299531, -.167713248, -.534630849, .4755354e-2, -1.684747\
001, -2.882329689, -1.611183894, -1.417501738, -2.961476321, -2.193300489, -.9\
64167432, -3.291271649, -1.104808640, -1.307973051, -3.222959262, -1.290961965
, -3.189175638, -3.244791729, -3.548998568, -4.257981629, -4.195923129, -4.706\
997995, -4.660371984, -5.280201183, -5.192631898, -2.804797300, -3.924811029,
-4.412765172, -6.131728538, -5.148746652, -6.344835181, -6.134969202, -6.97308\
1587, -5.625058647, -5.279740123, -5.525912075, -6.633288279, -8.655511471, -6\
.006146807, -7.324681739, -7.171518442, -8.062952215, -9.473175510, -9.0432751\
20, -7.984232110, -9.423918770, -9.065080270, -11.60734790, -10.31724735, -9.4\
41199170, -12.31352304, -12.09844987, -10.28514511, -12.86871734, -12.65624050
, -11.88078511, -13.63343913, -12.24533750, -11.81569966, -13.75285633, -11.60\
828260, -12.71263427, -13.25177239, -13.32379195, -13.93604623, -12.69116182,
-12.53205277, -11.70092505, -12.61927736, -11.51389203, -12.44182301, -12.3023\
7627, -12.15008396, -12.74567862, -11.53505745, -11.61325289, -11.46739352, -\
11.63967261, -9.273312400, -8.873532710, -8.579522530, -8.654411740, -8.098251\
030, -8.571989896, -8.163463369, -7.075379000, -7.262308192, -5.287681976, -4.\
926787291, -5.214767778, -4.499626360, -5.230228038, -6.270306961, -4.89947207\
8, -4.112214706, -3.530917675, -2.630861889, -2.054236667, -3.793148870, -3.79\
7627568, -3.927636154, -1.549080840, -1.734814779, -2.516643804, -1.236339129,
-.599641050, -2.409261254, -1.009888050, -.25197027e-1, -1.593850684, -1.53350\
0665, -1.841794751, .70621254e-1, -.526897173, -.261997985, -1.474333553, 1.33\
2438539, .73652260e-1, .374633529, -.4823014690, .992152758, -.7607088780, .27\
4396533, .779740469, .278582024, -.4068316677, -.8862658739, .5985021267, -.28\
73171839, .1104749572, -.3889345554, -.2973701379, 1.003332582, 1.947327019, 1\
.787756279, -.6332470977, .4984398662, -.2920695575, -.5356713844, 1.066729804
, .1232205374, 2.231879283, 1.605776784, .6419758142, -.2154679442, 1.03749427\
7, 1.058904125, .6917968996, 1.220201720, -.2208586942, -.163674339e-1, -.3563\
131623, .9313096739, .6305011388, .9792561435, 1.077564361, -.3195898630, .405\
7728469, -.7783730542, 1.704941829, .8866818362, .488063924e-1, .8922700004, .\
3510221087, -.1199928850, 1.177164240, -.5572498e-2, .246725594, 1.327981919,
.34114412e-1, -.6949648500, -.214349646, -.7111397520, -.4094408240, .23463515\
5, -1.227030605, 1.256436280, .73903293e-1, -.622768843, -1.628727084, -1.5011\
26272, .482870818, -.47906186e-1, -1.203636055, -1.928506487, -.83714114e-1, -\
1.909463962, .310030014, -2.257455838, -.177154841, -2.638309085, -.506169520,
-.707996823, -2.749061342, -2.348641581, -1.421023462, -.827501001, -2.4163762\
67, -2.578957035, -3.520554379, -2.502482486, -2.246058512, -3.612600113, -3.1\
34419359, -4.699820533, -4.250098394, -3.138537845, -4.491403420, -5.089932255
, -5.069328357, -4.288760354, -6.351356643, -5.563183186, -5.863237870, -5.787\
440995, -6.376632363, -7.342543861, -8.933785235, -9.061831739, -7.651020393,
-7.970519900, -9.182310100, -8.027172130, -9.126685520, -10.95520552, -10.4538\
3710, -11.99144713, -10.30066426, -12.32987493, -11.27221986, -13.10663584, -\
12.88586943, -14.89350711, -14.96803128, -12.65586800, -15.75944665, -15.04728\
097, -15.42403366, -14.21060219, -14.87819938, -14.49342532, -15.02234522, -14\
.38154403, -15.77417821, -14.11500709, -14.83140778, -15.12237187, -15.3524837\
9, -14.05088142, -14.83520202, -13.53851527, -11.45424645, -11.33409567, -13.0\
6195138, -12.76581010, -11.14869397, -9.747581320, -8.725339550, -9.714672300,
-7.619073350, -6.992792583, -7.379811037, -8.344824603, -6.053237437, -5.25015\
9549, -5.118413396, -4.876545091, -5.302833154, -4.748309814, -4.212780361, -4\
.722834405, -1.436872378, -3.229126579, -1.702673430, -2.875455092, -.51330070\
5, .422063273, .524996953, -.12071394e-1, -.522652746, 1.282791891, 1.93983540\
2, .9030795658, 1.755151305, .6386877375, 2.126334578, 2.642740848, .760552947\
9, 3.323412826, 3.302952856, 3.156794898, 2.834546750, 2.465801796, 1.92513659\
1, 3.412110412, 3.687265050, 3.708122842, 1.816188600, 2.706947792, 4.49386723\
3, 2.356396502, 2.228966108, 3.319989807, 4.888865148, 4.379972246, 5.27067660\
4, 4.447329285, 3.446266043, 4.964810182, 2.928272806, 4.272951849, 4.38813478\
9, 3.388099254, 3.928111825, 4.289430117, 3.992304001, 5.328974567, 4.81667465\
8, 3.898630863, 6.028063247, 6.888183996, 6.389199389, 5.374310434, 5.34671162\
2, 6.234590194, 6.391127820, 5.924500613, 5.488876981, 6.383417019, 7.82527358\
9, 6.109592140, 8.067507685, 7.939143326, 7.182610756, 8.144010176, 7.21142706\
2, 7.402928299, 7.875561803, 8.368356174, 9.106319769, 6.909433089, 8.06264654\
5, 7.831878563, 9.019015296, 8.323909565, 9.442369281, 10.61915527, 8.96197890\
9, 9.843501357, 9.192333571, 11.92202891, 10.67007005, 9.755875085, 12.3047963\
8, 12.73612056, 11.25606789, 13.38978190, 11.80733288, 12.55572800, 13.1049115\
9, 11.68376718, 12.98012070, 12.21075536, 13.12441934, 12.92683391, 12.5797062\
5, 13.76775021, 15.78169515, 15.20930420, 14.66239551, 13.65985778, 15.8036671\
3, 14.27390736, 15.13578727, 14.69265308, 14.29400387, 14.10150374, 14.9669880\
4, 14.53847070, 14.16614502, 15.41638371, 13.24673402, 14.09590892, 14.7217790\
3, 15.10435634, 12.94378048, 12.22230182, 13.91626000, 12.33306834, 13.6721912\
4, 11.70412544, 10.79238276, 13.34746915, 13.06787130, 11.89004038, 11.6633779\
9, 9.335227108, 10.03686070, 11.35447479, 9.434183701, 10.83501479, 10.3469064\
5, 8.030707987, 9.938179306, 7.279991745, 7.262731902, 7.414904669, 7.47893532\
2, 7.872175533, 7.607908586, 8.507352524, 6.862665036, 5.517950763, 7.48826581\
4, 7.088619618, 6.142982539, 5.452291487, 4.818453403, 6.185345925, 6.67282447\
5, 4.198727983, 5.572879832, 6.409088829, 4.085154331, 6.058871041, 4.99502882\
0, 4.028413141, 4.088809292, 5.221005659, 5.117792617, 4.513963070, 4.16231629\
9, 3.030658573, 3.797802221, 4.585566616, 3.467781179, 2.790284069, 2.68192176\
4, 2.803550697, 4.253038399, 5.368261905, 5.423107796, 3.193473930, 4.73926897\
9, 5.251411364, 5.317829574, 3.156463443, 4.164262953, 5.200187718, 5.25020736\
0, 4.083302207, 3.625462083, 4.506686048, 5.310982618, 3.575370132, 4.09387576\
2, 3.458535298, 5.185393141, 4.825502399, 4.244924218, 3.977727436, 4.23098857\
6, 3.984791499, 5.369226796, 5.732391182, 4.702387392, 5.831324176, 5.65131604\
8, 4.993481452, 4.325941135, 4.998817622, 4.591235214, 7.489319980, 7.07519975\
8, 6.898003927, 6.204854722, 5.850867860, 7.984152148, 6.451807209, 6.84892348\
4, 6.253582228, 8.859850188, 7.887767739, 9.124353705, 7.820599221, 9.11546755\
9, 9.534893913, 7.671771768, 8.571946699, 8.116214380, 8.935316752, 11.2209420\
2, 9.164716144, 10.52718537, 11.41681919, 10.45900544, 11.45705018, 11.3111743\
6, 12.39949317, 12.41102325, 13.44468569, 11.90230583, 13.56061201, 11.8782309\
3, 14.89670551, 15.18350181, 13.30101503, 13.03658197, 15.39650577, 15.1170682\
7, 14.16155095, 16.18526359, 16.11656771, 16.27290042, 16.19080666, 16.9999652\
7, 14.35221265, 15.87557116, 16.99126987, 17.05376219, 14.57774178, 14.1771514\
2, 16.28118864, 15.98230325, 13.87519310, 15.64879169, 15.32525153, 13.2899260\
2, 14.75534190, 14.83617684, 14.21822739, 14.92238168, 13.67458967, 13.3748326\
7, 12.74709888, 12.15335422, 10.82152261, 10.27446343, 11.47095469, 10.2936795\
5, 10.48221313, 11.07501589, 9.823426986, 9.557660653, 10.10480634, 8.60082890\
9, 7.842570849, 8.580757683, 8.311001907, 6.907808848, 6.780584894, 8.39464252\
5, 5.510208575, 5.771432499, 6.247391485, 6.533099790, 6.187515405, 5.09054470\
6, 4.223051726, 6.020862968, 5.167771191, 3.391543805, 5.290926040, 3.84864394\
8, 5.013411234, 3.708930829, 4.593898600, 4.350006716, 5.217945424, 4.33240619\
1, 2.506082720, 3.614673718, 3.229883366, 1.924423332, 3.841013611, 2.94038294\
3, 4.298270619, 2.478425772, 1.644608750, 2.060591370, 3.855156302, 3.03809855\
3, 1.493224602, 2.676352243, 1.511311705, 3.919944355, 3.701102753, 1.81465147\
7, 1.866465750, 2.806431415, 1.541445708, 2.355415962, 1.948259361, 1.70590366\
7, 3.059286288, 3.557353734, 4.343062133, 2.137376926, 3.447272059, 4.41773011\
9, 4.346742681, 3.891309476, 1.812438219, 3.924144902, 3.632453711, 4.50139650\
7, 2.541012814, 2.431350060, 3.629463454, 2.115415757, 1.984277279, 3.72812601\
9, 4.269047524, 4.528134983, 4.028489286, 2.443219060, 4.389440739, 5.04027785\
8, 2.451861824, 2.801332079, 3.478836106, 5.060529332, 5.290574193, 3.54814054\
1, 5.734406204, 3.197556990, 4.661786309, 3.377293559, 4.975284669, 4.04397239\
0, 4.477576252, 5.661320776, 4.790433733, 7.001146433, 5.057693652, 7.28531286\
2, 5.455239618, 6.947706341, 7.310941250, 5.492168272, 8.247603707, 7.93644855\
9, 8.611886163, 7.163079023, 6.365168794, 7.796271586, 7.961460775, 9.74676679\
7, 7.599169482, 8.427597669, 8.631917840, 9.702914416, 11.49628593, 9.40363767\
9, 9.922479729, 11.47720081, 10.59905819, 12.97817061, 10.80751632, 12.6269245\
2, 11.50804600, 14.16936262, 14.18918834, 12.73566900, 15.24877352, 13.4553056\
7, 13.75792882, 14.56417259, 16.98145553, 15.78412470, 15.12448428, 16.3288348\
3, 15.89352810, 17.52400827, 16.06086612, 17.46889808, 18.45814996, 17.2959716\
6, 18.14806117, 17.28449970, 16.58578281, 17.06883786, 15.76403188, 16.2571677\
3, 17.24746937, 15.08255436, 16.84140053, 16.73029929, 14.55980920, 14.2146981\
1, 15.41889099, 13.76240975, 12.18832274, 11.98068993, 11.88551994, 11.5367258\
8, 11.63009337, 11.25624954, 11.37764295, 10.03452588, 9.235945204, 8.59373620\
2, 9.168522566, 8.114718634, 6.819536210, 7.068993924, 6.670925084, 8.45799223\
6, 6.868702475, 6.706413154, 6.150350380, 5.851624753, 4.829241150, 5.55210729\
2, 3.466053462, 5.239840846, 4.783167019, 2.770680565, 2.321990857, 4.28567194\
4, 2.907267966, 4.519306875, 1.516302335, 4.169755112, 1.118160594, 2.49801571\
4, 3.628817614, 1.243066095, 2.162270302, 2.407947338, 1.883624148, 1.77084042\
0, 1.463147772, .3931118412, 1.572312022, .2303423314, .928111307e-1, .2713416\
797, .8195713845, 1.743152290, -.2102498528, .920443745e-1, 1.608727711, .2475\
050362, .7780939278, 1.832222923, .736631529, -.7989301870, 1.407296771, .9080\
80811, .133198534, -.233566408, -.435422818, .646426526, 1.334783995, .1804575\
74, -1.337740625, -1.548995238, .596512795, -.190394910, .428104710, .59183647\
0, -1.055373465, -1.288699060, .476685534, .271606457, -1.817111391, .33035513\
5, -1.062172108, -2.274872752, -1.606929265, -.375526999, .48146719e-1, -1.590\
098172, -3.127455334, -1.693121797, -3.272296594, -1.103181608, -3.219982124,
-1.699906343, -1.157163278, -2.425963195, -3.403517969, -3.847040538, -4.21574\
1563, -3.621828733, -1.939506703, -2.675976884, -4.301433113, -3.981058179, -2\
.705022338, -3.944482871, -4.804582628, -4.511440149, -4.397146777, -4.2877620\
21, -6.910313072, -4.470793173, -5.138143472, -7.685250139, -7.902937424, -7.2\
42965895, -6.968028860, -6.552728646, -6.341574076, -8.046973112, -7.495231872
, -7.526547370, -9.585981750, -9.742467180, -8.882804380, -8.706662410, -10.53\
557202, -10.99291380, -10.11894089, -11.63778405, -11.61445656, -12.91786695,
-13.03184939, -12.22718029, -11.26960452, -12.82987438, -11.82378126, -12.0501\
9129, -13.33909278, -14.57263115, -12.18814989, -13.72323343, -12.96673642, -\
14.39381648, -12.37595877, -13.12899123, -13.89009394, -12.63779957, -12.12698\
568, -13.27085669, -12.38392290, -10.77596607, -12.37600795, -10.43326588, -11\
.35811444, -10.93503846, -11.21259239, -10.69335709, -9.202901470, -9.72874734\
0, -10.08333703, -9.705008270, -8.142970137, -9.155287848, -6.902868058, -7.83\
4451709, -5.495608770, -7.510736901, -5.340063858, -4.897650826, -3.961399802,
-5.820060129, -5.617238347, -2.462409367, -3.951922674, -4.674016378, -3.55182\
9377, -3.711407662, -1.795713266, -2.790640266, -.708021237, -2.081631324, -1.\
412200706, -2.692423599, .156037905, -2.253448650, -1.805498890, -.782714626,
.122314868, .808008511, .749785357, .71065418e-1, .50268200e-1, 1.254806572, -\
1.012913216, 1.251508455, -.1715395606, .913209313e-1, -.4615422391, .84622560\
24, .2109670090, 1.461011986, .306768321e-1, 1.446265440, .3590682170, 2.69736\
2859, -.4058555620e-1, 2.060475468, 1.518786618, .9055766668, 2.021063341, 2.3\
75453397, 2.499943376, 2.850719863, 1.480960192, 2.812832716, 2.793497621, 1.9\
75107040, 1.299806014, 2.999732547, 2.086018431, 1.057789641, .5691665993, 2.1\
50265100, 2.303196257, 2.732067252, 2.848981874, 1.049040470, 1.310340862, 3.4\
82978627, .9640471114, 2.882638348, 3.232843251, 1.549751617, 3.458453002, 1.5\
34036957, 1.074592952, 3.661211159, 2.066982823, 1.983000183, 2.347356952, 3.4\
06148950, 1.295474156, 1.913432710, 2.629127795, 3.544665850, 1.540156510, 1.3\
91713018, 2.538452952, 3.102498324, 1.457975432, 2.426015649, 3.816755914, 2.3\
96338786, 2.931912266, 3.428630826, 3.397655737, 3.454155037, 3.610303348, 2.1\
92283020, 4.231284376, 4.651505514, 4.764152043, 2.508438272, 2.720587398, 2.8\
32831038, 4.420408680, 4.936568824, 4.255569136, 4.177675534, 3.557160985, 4.4\
31306375, 4.088400630, 4.805739245, 5.620621690, 5.435351486, 5.408236126, 5.2\
30585548, 5.085706638, 7.223901549, 7.994466316, 6.923690523, 6.840848747, 7.2\
15194502, 8.214955147, 9.183330218, 7.858488317, 9.901547067, 7.860568149, 9.9\
82548252, 9.145417493, 10.14901835, 9.765088644, 9.277250369, 10.57200550, 9.9\
97716286, 10.19057762, 13.52260754, 11.01064141, 13.27631979, 12.65605175, 12.\
35502016, 12.91118082, 14.85926067, 13.48973934, 14.58687255, 15.08471532, 15.\
59213294, 15.98883274, 16.53241930, 15.44943137, 17.28740416, 17.75894317, 17.\
89278390, 16.92687805, 17.58846461, 17.58314407, 19.39295205, 19.23941348, 17.\
86559584, 18.91614130, 16.43028507, 16.54085643, 18.68526152, 15.79444994, 17.\
65386603, 17.12938790, 14.50625582, 16.49899622, 15.45833928, 13.12214147, 13.\
40630540, 12.31271151, 12.41615097, 13.81627276, 10.55253594, 12.22817441, 9.5\
73169659, 11.47023263, 9.956794365, 9.754002242, 8.403723346, 9.339554302, 8.9\
23829070, 8.036635578, 8.190837892, 7.749088423, 5.625839446, 6.771378497, 4.8\
25839447, 4.004214642, 3.805378582, 4.460105160, 4.114076634, 2.640900455, 4.4\
47124913, 3.637245208, 1.758714163, 3.538957061, 2.575375704, .9823507744, 2.7\
49256106, 2.580460932, 2.851333306, -.27541221e-2, 2.324577452, 1.012717430, .\
9750666374, 1.950040445, .760068902, -1.080400994, .127094748, -.9879624890, -\
.8950724770, 1.215282034, -1.626362845, -.225453327, .515581061, -.123670982,
-1.285605068, .665398829, -.841022923, -.576220382, -2.101529762, -.380273145,
-.686761198, -.612293002, -.775155596, -2.579626655, -.697974681, -1.982458044
, -1.927327400, -1.750826426, -1.009190690, -2.705648886, -.933424386, -1.7407\
34658, -1.980790447, -1.116797853, -1.092958609, -1.366468590, -3.365517939, -\
4.165292481, -4.047973449, -3.151735174, -4.641745440, -3.856166266, -3.105153\
380, -3.477852913, -4.896401085, -5.353924537, -3.506539989, -4.760349943, -4.\
906440432, -3.788880637, -4.080722733, -5.505999260, -5.583715910, -4.40385041\
2, -4.573350806, -5.387135438, -5.381088806, -5.623050275, -7.504814224, -7.09\
9126628, -8.257685007, -7.095137242, -6.935065839, -6.348986218, -6.647346911,
-8.405528625, -8.040844241, -9.686534240, -9.732752520, -9.048578890, -9.41202\
1720, -10.47701796, -11.10543403, -9.961067490, -9.517663740, -9.410920430, -\
10.31749602, -11.04502252, -12.07512624, -12.22143651, -11.74360488, -12.65032\
814, -10.85136385, -13.32054981, -13.12082715, -11.29225839, -10.95404347, -10\
.83653822, -10.95426868, -12.72294049, -11.28544847, -11.27388052, -11.6985194\
2, -12.41883905, -10.75649818, -11.59033210, -10.22033653, -10.13965485, -10.7\
1655877, -9.648427330, -9.360729140, -10.84499695, -9.605809370, -10.88876881,
-9.712480040, -9.324534550, -7.776490300, -9.773858649, -7.389091219, -6.74356\
7107, -6.818586163, -8.434361086, -6.606011941, -4.991564363, -4.749947542, -5\
.401993498, -4.374439528, -6.626930669, -4.888021498, -5.326181411, -4.9867999\
29, -3.150189897, -3.245593118, -2.477187571, -3.224091945, -2.840368715, -4.3\
65033190, -3.580058369, -2.681377612, -3.120888895, -2.309463366, -1.656948818
, -2.837171306, -.839935909, -1.848036659, -2.297258757, -.726378936, -.561166\
243, -.979387718, -2.901811251, -1.828204720, -2.081337203, -.753983456, -2.35\
7923601, -.640942840, -1.317833917, -.929398756, -2.259447131, -2.325797321, -\
1.038278688, -.115730441, .471998849, -.768950356, -1.738449077, -1.578378358,
-1.908629502, -.353105649, -.475720629, -2.087398302, -1.873073222, -1.7706912\
48, -1.525208204, .60410282e-1, -2.086811948, -1.831861405, -.221733997, -.169\
435012, -2.418979615, .115607511, -2.660707152, -.13965938e-1, -2.486220127, -\
1.797529749, -2.234962999, -.828596192, -1.271513696, -2.378807506, -2.8245767\
31, -1.252927426, -3.105972595, -1.474832170, -1.468632051, -3.606502327, -2.0\
83577103, -3.277994510, -4.168896704, -3.580429871, -2.784743677, -2.483984793
, -3.023298290, -2.818826416, -3.415707863, -5.072077769, -5.145066396, -2.701\
789976, -5.272351435, -3.106836542, -6.006313263, -6.218831765, -5.832419730,
-4.004067193, -5.815729928, -5.348322615, -4.974718481, -5.285747504, -6.82417\
7017, -7.669710094, -6.645979596, -6.086546450, -8.450898413, -8.566430098, -8\
.052437533, -8.954117760, -10.34356748, -7.965782940, -10.60064795, -9.8049252\
70, -10.06527325, -9.412246910, -10.11529945, -10.00978530, -11.49397958, -12.\
40009215, -12.04827944, -10.86566626, -12.91237644, -11.18155028, -11.12237550
, -14.11312344, -12.36417220, -13.33204084, -13.05242388, -13.24621355, -12.82\
052853, -13.46673713, -12.38847156, -14.14564152, -13.89343905, -12.47533931,
-11.79709177, -12.34570974, -11.38645072, -11.71979302, -11.09741027, -12.4071\
3779, -10.28394442, -10.31289459, -11.47311877, -9.905778200, -10.32303521, -\
10.12302517, -9.412829110, -7.411454040, -7.156811212, -8.974703011, -5.960809\
902, -5.916681600, -8.111732629, -7.558238271, -4.812334917, -6.154022350, -5.\
026166011, -3.847503524, -4.388650384, -3.272106341, -2.526264763, -2.53241884\
2, -4.784771039, -3.910442239, -4.103476813, -3.014853268, -1.199493276, -.928\
265738, -2.038991831, -1.255457972, -2.033419355, -.955602539, -.313709772, -1\
.175430225, -1.995439514, -.643402036, -1.636977637, .748176428, -1.035595463,
-.381951902, .684444887, .198927504, .984820806, -.8515579460, -.275901242, 1.\
440088625, .561698483, 1.505203990, .793869111, -.6990539730, .509674796, .595\
283448, .523987956, .9049921370, 1.285488242, -.7883435787, -.8103342605, 1.90\
9673806, 1.212827220, .2282622524, .2701043352, 1.683469131, .2324626460, .846\
1810394, .2217117219, -.6298667465, -.2894846864, .4479196966, .6464002198, 1.\
584002638, -.92344743e-2, .5137203098, .418910295e-1, -.3087049247, 2.01194336\
0, 1.363840044, 1.160982916, .563637358e-1, 1.856968130, 1.630775464, 1.333759\
251, -.2971127950, -1.002878901, .668416731, .264724073, -.8040127140, -.\
56855427e-1, .328128204, 1.571864364, .380273071, -.27731881e-1, -.6092430470,
1.407640910, .379814512, -.29834628e-1, -1.228425821, -.9750853780, -1.3549463\
75, -1.783149554, -1.527843500, .526815333, -.86337046e-1, -1.831472470, .3132\
28579, -1.650423074, -1.923624943, -.134582459, -1.653510029, -2.379631200, -.\
738178236, -2.651390896, -.622517286, -3.282814142, -1.845546367, -1.419984694
, -2.759405726, -1.286092125, -2.841332281, -1.557416583, -2.219635488, -2.149\
278833, -3.632635691, -4.791990553, -4.733616797, -3.283773497, -4.909703270,
-5.207632230, -5.275759440, -5.033245885, -4.249210060, -4.534723381, -5.14580\
7508, -6.313410908, -7.200400908, -8.346553164, -5.941549522, -7.355955280, -7\
.540199277, -9.859563394, -9.648178300, -10.30700722, -10.28381427, -10.636162\
82, -11.33541173, -10.57371359, -10.95298774, -11.39692670, -11.77701716, -11.\
16354246, -12.15759355, -13.26210597, -12.12489439, -13.98668662, -13.65718437
, -15.17411788, -13.86030607, -14.90573523, -15.58362009, -16.30547930, -15.20\
920400, -13.56211418, -14.33301566, -14.58123646, -14.51965445, -16.02370795,
-14.35739004, -15.42322711, -14.52524307, -13.44190924, -13.63408484, -12.2009\
4834, -11.90592443, -10.37060946, -10.49369629, -11.40890542, -9.843917860, -9\
.438319650, -8.707549920, -7.360862110, -9.727290328, -6.830627171, -6.1704076\
37, -7.982901561, -5.013111088, -5.227776048, -4.974379243, -3.744159241, -3.3\
86127932, -2.653079834, -4.428610862, -1.705140785, -1.544928756, -2.217082531
, -1.240586557, -2.104314679, -.788039574, -1.731452238, .228824197, -.8827718\
770, .592246147, -1.297600146, -1.067758281, 2.074349919, 1.235313902, -.\
382660472e-1, 1.134215874, .7423639134, 2.971780146, .2720594500, 1.985787185,
1.648537529, 3.013871164, 1.357334400, 2.067457553, 2.753755170, 1.253724075,
1.677844797, 3.246580012, 3.500375277, 3.915659829, 2.713845235, 3.861327738,
3.956487786, 4.619690048, 2.407285745, 3.106611746, 3.996991490, 4.514737013,
4.390148019, 3.032513051, 4.072111397, 4.791212322, 4.746075859, 3.072954873,
5.253094618, 4.917732641, 4.536101065, 3.193426708, 3.694930055, 3.538827180,
6.058330574, 5.106648232, 4.988983641, 6.011537534, 5.399507827, 6.747087994,
4.315467898, 6.774834747, 4.393372526, 6.183259733, 6.501670213, 5.744773626,
7.503734556, 6.414709208, 7.160845517, 7.345283273, 6.371153513, 5.813573717,
5.894646136, 6.851457160, 9.101077231, 7.885557133, 7.173921228, 8.172165809,
8.651257390, 7.699132707, 9.668693475, 9.351794485, 10.24024384, 10.80079883,
11.30016592, 11.54599816, 10.07687709, 12.04331364, 10.89274567, 11.85953723,
12.37797847, 11.23527373, 11.30153405, 13.23878816, 12.07798255, 12.31498155,
13.43256527, 12.06643580, 14.58723272, 14.63053575, 14.17487521, 13.08674841,
13.02063847, 13.46802636, 15.63041227, 15.54334270, 15.03242532, 16.55035444,
14.80993816, 14.29511504, 13.86197737, 14.24779241, 14.30301570, 14.82830624,
14.97753566, 16.50579344, 14.61038913, 15.62784714, 14.40790163, 14.66548312,
15.34270329, 13.35083831, 13.93530421, 12.57363780, 12.14446939, 11.74049906,
11.92147300, 13.28015663, 12.16731572, 12.17869206, 10.17498623, 11.26684122,
11.42682624, 9.447427376, 11.79503673, 9.449945493, 10.64234038, 9.979299798,
7.572793161, 7.560682611, 9.556724358, 7.183571552, 6.978780076, 8.519812721,
6.536043575, 5.980766212, 7.211199190, 5.073490084, 7.772724897, 4.874933807,
6.496094304, 6.903139415, 6.464964457, 5.835430595, 5.755366628, 3.947579226,
5.865855298, 6.088963728, 4.973660486, 5.633693262, 5.677802020, 5.138721865,
3.791187718, 3.860934162, 2.878697108, 4.174217636, 4.435241527, 3.568520132,
5.056813508, 3.484889656, 3.898524772, 2.658505838, 3.673629782, 3.343703162,
3.207544223, 2.481982360, 3.170857247, 2.799020191, 3.298334364, 1.959673424,
3.906921999, 4.318976745, 2.226744876, 4.890143921, 2.682102740, 3.585560921,
3.151467906, 2.489783297, 3.673477427, 4.467530224, 4.823930986, 4.019678836,
4.829782661, 2.964260315, 2.356138568, 4.349453427, 3.664249953, 4.839581748,
3.234510927, 4.468108188, 2.753452694, 3.832631757, 5.503740817, 2.966883455,
3.755171187, 3.356722690, 4.378664036, 6.158128755, 4.492257836, 4.793199514,
6.062107531, 6.517140834, 5.927463876, 4.125246605, 4.071664465, 5.487896588,
4.705122712, 6.697523908, 6.320281870, 6.537578925, 7.100596146, 8.069507712,
7.440480495, 6.086672201, 8.592231324, 5.906295436, 7.382980493, 7.298379933,
7.869559715, 8.091557732, 8.453383248, 9.003001152, 8.501326563, 8.775219653,
8.990482501, 11.34285820, 10.62701109, 9.932518838, 11.94086690, 11.64444572,
9.948548653, 12.15034811, 12.18889146, 12.72110178, 11.93677695, 11.97358784,
12.33506127, 12.26359125, 14.16345201, 15.45579919, 14.39867761, 15.42104023,
16.15977375, 16.41171347, 15.51467307, 14.23148350, 14.75301809, 14.64423280,
14.88421023, 15.18019018, 15.64761250, 16.57915461, 15.07275935, 17.52366646,
14.95243278, 17.20494746, 15.93843836, 15.05647238, 16.09294529, 14.20406569,
16.63033190, 14.66750021, 16.12955321, 15.20165732, 13.98012667, 13.49337682,
12.52588794, 13.91216157, 12.66268625, 12.37690243, 12.58617313, 12.99875920,
9.668797081, 10.19428417, 9.063064877, 10.16782404, 10.30008172, 10.07019207,
9.428345666, 8.117572491, 7.905749128, 7.338605060, 7.649731795, 6.652593635,
6.306534000, 7.514788302, 5.402495889, 4.508705880, 5.127386284, 4.111438834,
5.420705513, 4.218972220, 3.064981051, 4.340438975, 4.253021602, 5.115375379,
3.072130016, 2.367901696, 3.845294255, 1.851903325, 4.376324120, 2.172150747,
1.973977774, 4.042406108, 2.308042809, 1.396501428, 2.012406125, 3.093391183,
1.249100994, 2.605192923, 2.523336140, 1.435212020, .7115155448, 2.376953855,
2.738247263, 2.566128899, 3.003344058, 1.031650813, 1.231818795, 1.554629559,
.3048757753, 1.253360962, 2.593899112, 1.065314053, .8194392294, 1.022116981,
2.798198297, .1025421531, .3120152057, 1.767491164, 1.780850526, 2.256979878,
.7417717676, .1991239323, .3289391918, -.808751498e-1, 1.588592291, .714256833\
7, 1.157036992, .2558544423, 2.582633572, .8803009609, .8157854161, 2.53001738\
8, .2449286192, -.1085478191, 2.126521873, 1.907071930, 1.135037072, 1.3523519\
54, -.5760491567, -.4862323426, -.2892644181, 2.132786613, -.6001484678, 2.131\
859801, 1.286738937, -.2525856170, -.1431904510, 1.995845317, 1.658439651, 1.4\
48507534, 1.293960954, .7807081804, -.6463464110, 1.359697634, -.9322633710, -\
1.033337977, 1.431360294, .902712973, 1.571596197, .560880040, -.6145715790, 1\
.507099199, 1.258743503, -.555794877, -.9846795700, -1.300081426, -.9141793870
, .415838956, -1.492222670, .546431157, -1.349413491, -2.166980386, .538496961
, -.517224035, -1.707396138, -2.459282716, -2.269157354, -1.731302645, -1.8780\
11139, -.432585668, -1.046338512, -1.343589110, -2.578664402, -1.661898935, -3\
.798633647, -1.852211376, -2.281975736, -4.224270351, -4.052438061, -3.5518129\
63, -3.589716118, -4.460451450, -3.098305167, -5.425539442, -5.757375614, -4.9\
51990168, -6.198507912, -6.556998382, -6.063450446, -5.269761722, -6.794727169
, -6.147034227, -7.358230284, -9.440706017, -9.576682190, -9.469203440, -8.460\
099490, -9.733969010, -9.725171470, -9.349824810, -10.49577444, -11.61258357,
-10.59455322, -11.28772353, -12.48887553, -12.30456441, -13.08016016, -14.6648\
7928, -13.62885019, -13.10318048, -14.92902474, -14.90868063, -14.99466673, -\
14.76681895, -14.31237956, -14.80507591, -15.66419879, -16.83165613, -16.71701\
746, -15.12253524, -15.35514448, -15.42144438, -14.87365474, -13.90956058, -12\
.69743429, -12.07195484, -11.33511143, -13.40111188, -11.92328603, -10.4489975\
8, -11.15156184, -8.980172260, -8.099840190, -8.874343490, -8.526189042, -6.63\
5585377, -5.995425380, -5.480279367, -5.617395212, -6.855703310, -6.310832414,
-5.364123990, -5.330646054, -4.099220977, -2.534449967, -1.710722710, -.758245\
833, -2.347070242, -.591103539, -.863128328, -.6826665e-2, .574208913, .739461\
690, 1.311471403, -.1871730641, .241571013e-1, 1.904115233, 2.465375973, 2.653\
626873, .3395599151, 2.969869916, 1.404246923, 2.474373664, 2.766922411, 3.575\
551615, 2.359905215, 3.578608928, 2.852271277, 3.622480947, 3.543806504, 2.088\
797428, 4.882981415, 3.892866632, 2.373941564, 2.561673572, 2.854511871, 2.889\
886805, 3.571209399, 4.373874357, 4.383259334, 5.456724732, 3.433616675, 5.547\
266623, 3.850990715, 4.594092762, 5.709864425, 3.916583885, 4.236518391, 6.684\
925205, 5.256050235, 4.582128850, 7.165387813, 6.136044813, 6.075306886, 6.659\
372488, 6.541432081, 5.874666669, 6.825246737, 5.667333963, 6.193081249, 6.749\
630373, 7.001110798, 7.007640772, 5.797327261, 7.747262999, 8.801524001, 6.338\
170041, 8.319244595, 8.228772751, 6.978755646, 9.330170205, 7.659968473, 7.305\
077522, 9.597393828, 8.326778031, 8.005054483, 10.94801041, 10.61839590, 11.09\
291789, 9.299231771, 10.14794393, 10.13761073, 11.13073848, 10.83778138, 12.11\
113047, 11.68611960, 13.20402830, 11.99308176, 11.25945067, 12.43024870, 11.45\
454296, 11.68535924, 11.87068418, 12.63347158, 13.16265446, 14.15015503, 13.90\
589187, 14.21679228, 12.87981020, 13.20893422, 13.09120249, 14.65271891, 14.45\
766689, 15.71232035, 12.95005783, 15.86637611, 14.65989628, 14.36737457, 14.01\
370755, 13.72493550, 14.36524493, 14.68696563, 13.02556818, 13.03865856, 13.19\
096744, 14.58434242, 12.67473561, 14.09918809, 12.66381902, 12.65980824, 13.76\
738088, 13.72879454, 11.00932118, 12.95423516, 11.08080016, 12.61725471, 11.61\
580385, 11.40460888, 10.80577774, 9.508360371, 11.43434274, 9.672641854, 10.65\
910431, 8.277504815, 8.021544765, 8.541853020, 8.542988085, 9.378439683, 9.266\
630002, 8.957918477, 6.817605405, 8.671934313, 7.474095218, 7.256230991, 8.066\
441038, 5.506783000, 5.463277118, 5.226912718, 5.985651298, 6.275427959, 5.457\
152890, 7.079719854, 5.743008466, 4.125886054, 4.550207803, 6.379816895, 6.560\
552558, 5.986253651, 4.548756094, 5.379894007, 4.996500269, 6.005412314, 6.189\
472012, 4.243524796, 4.418419935, 4.257013486, 3.657169618, 4.328759111, 4.459\
659408, 5.396756549, 3.689946244, 5.942132320, 5.031226682, 4.809150652, 3.595\
835611, 3.770221564, 3.730257055, 6.247900002, 5.062118124, 5.581887618, 3.712\
193037, 5.042027582, 5.902393529, 4.928301010, 5.284767793, 4.592819215, 5.423\
488257, 5.997814755, 4.161844782, 4.193630637, 6.459230334, 5.333706905, 4.747\
127398, 5.206562468, 5.371086379, 5.843776427, 6.129710578, 5.403966428, 5.763\
619682, 6.419744092, 7.174411452, 5.909691578, 7.818646401, 7.255327135, 7.759\
774063, 9.068013842, 6.683059503, 6.811910453, 9.607549920, 9.885930168, 9.155\
977874, 9.535588586, 10.21762575, 7.943920730, 10.59826759, 9.732407335, 10.91\
403261, 8.667782347, 9.872241484, 11.13694067, 11.63634282, 9.914836972, 10.34\
574315, 10.36331110, 10.74672031, 10.67007597, 13.29740082, 11.37364863, 12.63\
770743, 13.01440047, 12.92249027, 13.76768919, 13.03467414, 12.60909187, 14.08\
257352, 13.25075489, 13.58328997, 14.48486758, 15.23723347, 16.19021091, 14.75\
371608, 13.81577981, 13.86156817, 14.55439450, 14.66673636, 13.72724846, 14.82\
876928, 15.28332880, 15.37614873, 15.55764230, 13.83640861, 13.87022254, 15.47\
402553, 14.58090759, 13.97609219, 12.84191722, 13.90981218, 11.88628083, 12.37\
087640, 11.77418248, 13.35879337, 11.72629258, 12.34723879, 10.06014788, 11.07\
047977, 9.952628157, 11.09090893, 10.06455419, 9.172706892, 10.32441592, 8.900\
635088, 9.198223064, 9.300943170, 7.316465691, 7.781371892, 7.711156829, 6.326\
232924, 6.002936755, 5.994533809, 6.958221338, 7.643136698, 6.579362911, 6.715\
931806, 6.375829265, 5.571003100, 5.942367272, 6.289803222, 4.000165349, 4.401\
288789, 6.055990505, 4.347070604, 3.732317534, 5.030513168, 6.030432934, 5.762\
846499, 4.788522968, 5.882233082, 4.201748597, 3.292843636, 3.089298892, 2.639\
900849, 4.173441648, 5.496721720, 2.610550880, 4.091747060, 2.779137062, 4.165\
558974, 3.519860782, 2.692899954, 4.969545019, 4.850675958, 2.975182778, 3.848\
965734, 3.778936822, 2.399018672, 2.535143885, 4.226255601, 4.886308169, 3.552\
265821, 5.294102487, 2.878802385, 4.301360029, 4.770779227, 4.491073018, 3.165\
264035, 3.241384372, 5.466474819, 4.191584808, 5.140772432, 5.614104356, 3.226\
655200, 3.864507432, 5.343751346, 5.162484644, 5.369811687, 4.087843195, 4.583\
696237, 3.854494225, 5.248366728, 4.508447458, 6.611872772, 4.952781395, 4.541\
314392, 7.147615171, 6.588829484, 5.190104696, 7.865580797, 7.949393091, 6.539\
670399, 7.026533882, 5.702097043, 7.810463977, 7.633718130, 6.524923600, 6.926\
120343, 8.846323441, 8.283523098, 8.717675802, 7.763691709, 10.25743598, 8.350\
722704, 8.577314853, 10.53791855;
